image name: img_1.jpg
1600x1200 Resolution, Full Illumination, Exposure = 4, Z = 0.0
angle: 0.66710101978
sx,sy: 16.133393061, 15.9440350735
MSE: 0.0304211819187
-4.837834679347427169e+01 -9.433086589103245601e-01
2.654758978419808901e-01 -4.789922085523197381e+01
4.831113980150408338e+01 5.055091634524776500e-01
-5.335282478577236809e-01 4.784871107364276099e+01
-4.837037726411324456e+01 -9.324343161978971839e-01
2.753569585230598582e-01 -4.789340415307732712e+01
4.831452333983507685e+01 5.087468541827628865e-01
-5.203852711806651321e-01 4.785293861816757044e+01
-4.837254626537199442e+01 -9.322314427578685114e-01
2.782551481240737035e-01 -4.789124383842889188e+01
4.831333522458243834e+01 5.087084707274577289e-01
-5.163281386381106675e-01 4.785581595542086575e+01
-4.839010586278508441e+01 -9.308342920242095309e-01
2.761081255359605358e-01 -4.789491218250524440e+01
4.831780286783848766e+01 5.093478627166483363e-01
-5.292448774138666101e-01 4.785618668748517024e+01
-4.836837569500789868e+01 -9.289808345524650512e-01
2.740525291114911388e-01 -4.789936318460613052e+01
4.831816934983991985e+01 5.126311671560538352e-01
-5.257196341634937653e-01 4.785747178459729412e+01
-4.837398016598729100e+01 -9.301321391966624885e-01
2.756885093212652071e-01 -4.789728074244902700e+01
4.831933029839623828e+01 5.102630854032607077e-01
-5.232677080703149741e-01 4.785759869284034096e+01
-4.837152371142487084e+01 -9.281649720606995890e-01
2.756016282740317846e-01 -4.790139823599425739e+01
4.832153725430217150e+01 5.087640279942202692e-01
-5.235946718089621310e-01 4.786085840858316942e+01
-4.837560318056203812e+01 -9.270532348877488227e-01
2.787906015423110562e-01 -4.790426267115147851e+01
4.831967031701761783e+01 5.102284318608271141e-01
-5.194936868510589001e-01 4.786324038423197180e+01
-4.837650449623950522e+01 -9.304220722096199214e-01
2.832694807397433401e-01 -4.789917492388006082e+01
4.832697189757150369e+01 5.116710259286054718e-01
-5.168316687163803103e-01 4.786434314203621909e+01
-4.838279157356662097e+01 -9.300835887871252705e-01
2.884651396067621221e-01 -4.790233740058651790e+01
4.832444157998272516e+01 5.108724739997596576e-01
-5.185092411649865340e-01 4.786839619064588192e+01

image name: img_2.jpg
1600x1200 Resolution, Full Illumination, Exposure = 8, Z = 0.0
angle: 0.644828360259
sx,sy: 16.1580539455, 15.9684321982
MSE: 0.0332160485542
-4.846491639813194041e+01 -9.514764898879786159e-01
2.387213107867851569e-01 -4.798621980996195191e+01
4.837591796531405208e+01 4.867393225046375282e-01
-4.874324193960922758e-01 4.793722790395837308e+01
-4.845407932634120129e+01 -9.370558872569498821e-01
2.502034428823263212e-01 -4.798466753716110134e+01
4.837801435814728279e+01 4.920630590894839451e-01
-4.875349104679767009e-01 4.793805100984192080e+01
-4.846093138968109315e+01 -9.359660415471374728e-01
2.487868491943122651e-01 -4.798348834309076949e+01
4.837544556683811692e+01 4.902601079959612029e-01
-4.858029322513666148e-01 4.793824361568997006e+01
-4.845087098038516871e+01 -9.349126580379795159e-01
2.484882243829162896e-01 -4.798208248479885185e+01
4.837558237913143699e+01 4.908663353239116067e-01
-4.923080942461472986e-01 4.793761901500373313e+01
-4.844562998657155362e+01 -9.341101302080037083e-01
2.565631079628469813e-01 -4.797892308159231334e+01
4.837552506914592243e+01 4.877911516959889116e-01
-4.987400729550431899e-01 4.793478329034729057e+01
-4.844239356508310834e+01 -9.340508636150643973e-01
2.534328009134337867e-01 -4.798072538548061061e+01
4.837366946614895369e+01 4.895051841290411487e-01
-4.911452303923041773e-01 4.793529525661069357e+01
-4.844876997508158922e+01 -9.335845840738394852e-01
2.493987037110183547e-01 -4.798001690343049574e+01
4.837643672097110681e+01 4.900389878381171127e-01
-4.939543244335872219e-01 4.793542505846440349e+01
-4.844537984441326017e+01 -9.328736533902424188e-01
2.519091422175961936e-01 -4.798249422018126609e+01
4.837521030423198454e+01 4.931448423893505240e-01
-4.954598857021967895e-01 4.793580509552359814e+01
-4.845491944658324002e+01 -9.360048399291435173e-01
2.621017808792411863e-01 -4.797836980147826580e+01
4.838035159705425770e+01 4.907446594377476434e-01
-4.949146290397982151e-01 4.793743038685385471e+01
-4.845083445607848915e+01 -9.337446988670565773e-01
2.465918316135707888e-01 -4.798110706840046191e+01
4.837682701656645889e+01 4.886201103994745609e-01
-4.963158732064859580e-01 4.793741450873625354e+01

image name: img_3.jpg
1600x1200 Resolution, Full Illumination, Exposure = 12, Z = 0.0
angle: 0.846453605029
sx,sy: 16.2111800008, 15.6638965295
MSE: 0.563197699993
-4.852067786305350694e+01 -9.506383437227040600e-01
1.871325261158141906e+00 -4.683031336189637273e+01
4.880479884401673019e+01 3.425871697470191379e-01
2.192679195288125271e-01 4.715662687939969544e+01
-4.844379003278434936e+01 -9.385994988838830544e-01
1.773069221907560777e+00 -4.683746997662280620e+01
4.881124748833700977e+01 3.260049315270197590e-01
2.292298109167043574e-01 4.714503970831353286e+01
-4.843288914312358884e+01 -9.384228596163014524e-01
1.769825571011168330e+00 -4.684188127786996603e+01
4.881481072236210395e+01 3.410090263150301060e-01
2.240463631962841262e-01 4.712608007312996250e+01
-4.843145909740461263e+01 -9.319115081867963557e-01
1.762196248347846383e+00 -4.684220859509361645e+01
4.881393999518283522e+01 3.382382676539074096e-01
2.133459780863524724e-01 4.713491101876567768e+01
-4.842641737867303675e+01 -9.338047604721220196e-01
1.755610864475384503e+00 -4.684377460263263515e+01
4.881271540049946367e+01 3.365877804602752654e-01
2.202336568518448168e-01 4.712526573918457728e+01
-4.842880752855696613e+01 -9.331439420698003362e-01
1.723766006793435501e+00 -4.684619094491220892e+01
4.881120517119475721e+01 3.244556669645219382e-01
1.965432198294525534e-01 4.713840932615803325e+01
-4.843159351773306298e+01 -9.321178695410479165e-01
1.754788108644159461e+00 -4.684135263305538643e+01
4.881164496489202520e+01 3.276411009755256232e-01
1.967271658975560111e-01 4.714370921610095166e+01
-4.843255963962405986e+01 -9.347911944903980475e-01
1.761815499515760441e+00 -4.684172211518889384e+01
4.880859573666821660e+01 3.258460010437984056e-01
2.025305305256894783e-01 4.713929158344203074e+01
-4.841928375635146864e+01 -9.267662961938112343e-01
1.747505690750376317e+00 -4.684497853860968775e+01
4.881201937603287178e+01 3.377106172515955129e-01
1.989448811762639657e-01 4.712418498782479759e+01
-4.842359630030118467e+01 -9.328385630225469738e-01
1.754530487186703791e+00 -4.684311484359668754e+01
4.881061878405876087e+01 3.276889485540763758e-01
2.011956832060601830e-01 4.714669633607676502e+01

image name: img_4.jpg
1600x1200 Resolution, Full Illumination, Exposure = 1, Z = 0.0
angle: 0.702627343529
sx,sy: 16.1530951114, 15.957076476
MSE: 0.0346908897673
-4.852163969703940438e+01 -9.701094183763198098e-01
3.764174751228790416e-01 -4.792701101495701010e+01
4.837491237816758627e+01 4.764366179567144366e-01
-5.502949970652020184e-01 4.788384182820814061e+01
-4.849003189990578733e+01 -9.571084988582996278e-01
3.783166931778718656e-01 -4.791512221966352314e+01
4.837282855526500214e+01 4.783524421239933599e-01
-5.452051373756050534e-01 4.788310250130645329e+01
-4.849239329195864201e+01 -9.559113989837264569e-01
3.832991770270066656e-01 -4.791116670480860051e+01
4.836506359107736586e+01 4.764731624527576148e-01
-5.474392496259565810e-01 4.788231982679514687e+01
-4.849730241512106232e+01 -9.559456585017663821e-01
3.774619034057118405e-01 -4.791116042471519165e+01
4.836744979000058464e+01 4.782248891884920972e-01
-5.583308375145091818e-01 4.787710332116467526e+01
-4.847907736052658834e+01 -9.526095367417128923e-01
3.777524130603412411e-01 -4.790605670035216690e+01
4.836520474288330007e+01 4.755639318363666934e-01
-5.524651018511249623e-01 4.787814981858367958e+01
-4.848304840714711617e+01 -9.540334953246698557e-01
3.758435015215478847e-01 -4.791012447462825463e+01
4.836332119268860197e+01 4.767814889504845000e-01
-5.454900248571247223e-01 4.788126106672343951e+01
-4.848557632393939087e+01 -9.530781419539424704e-01
3.696684706383618346e-01 -4.791396746584669586e+01
4.836696861627137878e+01 4.744587795814472209e-01
-5.568387479095979753e-01 4.787655908152814277e+01
-4.848396245525929515e+01 -9.542512050179184913e-01
3.807163765101296837e-01 -4.790703952832249968e+01
4.836112568300068659e+01 4.751152749162960154e-01
-5.531084500969311035e-01 4.787659314569104652e+01
-4.847883039872338173e+01 -9.537894728471328909e-01
3.849408818351632844e-01 -4.790721412689190117e+01
4.836071940711325112e+01 4.739022075655343058e-01
-5.597597266129020754e-01 4.787601495156491183e+01
-4.847859306363376675e+01 -9.522002281315173899e-01
3.734555744691203660e-01 -4.791363005163653810e+01
4.836366771142711229e+01 4.763515328782941260e-01
-5.582385401385643320e-01 4.787627595636156030e+01

image name: img_5.jpg
1600x1200 Resolution, Full Illumination, Exposure = 10, Z = 0.0
angle: 0.884754600902
sx,sy: 16.2315458069, 15.9531603281
MSE: 0.147421787211
-4.861236438132091564e+01 -9.868736692214542527e-01
8.611250964780292616e-02 -4.799326108709188787e+01
4.873255607289906521e+01 3.655044433340393084e-01
-4.775886959722071001e-01 4.794051707835411946e+01
-4.860372288903039362e+01 -9.717539995561685906e-01
1.300001807282802124e+00 -4.775655096907232888e+01
4.876141901471977036e+01 3.618443315342516065e-01
-4.751841735876629613e-01 4.793729459402827331e+01
-4.861096077141365868e+01 -9.705431277892371256e-01
1.290916875623692395e+00 -4.776195512022751188e+01
4.876538268179885449e+01 3.631670359548800353e-01
-4.766106825211344766e-01 4.793734087157618262e+01
-4.860350466749329001e+01 -9.705009977763575657e-01
1.295576548342127543e+00 -4.775926834447712821e+01
4.875835673632550282e+01 3.608385030342373678e-01
-4.785686687506427450e-01 4.794045938271001006e+01
-4.860326282594914460e+01 -9.692105187671169464e-01
1.285897941819144297e+00 -4.776183883111781370e+01
4.876240274321332890e+01 3.609436930509063446e-01
-4.778910057171252834e-01 4.794134603989797938e+01
-4.859949664999198404e+01 -9.667355698095798644e-01
1.299416929230772233e+00 -4.775970992867423348e+01
4.875789847485177120e+01 3.606103219764000833e-01
-4.703278091950187090e-01 4.793803379195684755e+01
-4.860290326535555749e+01 -9.671935699086555704e-01
1.290209502329437097e+00 -4.775836864711477148e+01
4.875911334875383574e+01 3.621457073904170709e-01
-4.793838997978560057e-01 4.793838014291178951e+01
-4.860248262322963342e+01 -9.696086985804884817e-01
1.292165490941624695e+00 -4.776092188996982202e+01
4.876236455908215106e+01 3.610658779253790862e-01
-4.662960175641956972e-01 4.794007019457363583e+01
-4.860794975442491506e+01 -9.688828824696055220e-01
1.302122840784737612e+00 -4.776020949739231014e+01
4.875813862626555562e+01 3.675774958890580812e-01
-4.685279047838151190e-01 4.793702227063516830e+01
-4.860279185751686271e+01 -9.685887644066197844e-01
1.293721515466932814e+00 -4.776112962420229024e+01
4.876166950142225431e+01 3.656231651255926751e-01
-4.726255998388830815e-01 4.793971894686244184e+01

image name: img_6.jpg
1600x1200 Resolution, Full Illumination, Exposure = 3, Z = 0.0
angle: 0.681376343474
sx,sy: 16.1428987072, 15.953510275
MSE: 0.0321608168254
-4.846876817293074424e+01 -9.461962093615782221e-01
3.328420335663260232e-01 -4.791679081404466700e+01
4.834136221602442873e+01 4.823542069284308953e-01
-5.350426130956624782e-01 4.787305405110097212e+01
-4.843407248432026790e+01 -9.354295041625838580e-01
3.395829470018659757e-01 -4.791296977748758223e+01
4.834122155771400742e+01 4.857663668904863563e-01
-5.304466142352378677e-01 4.787408393447597632e+01
-4.844009535580089221e+01 -9.358369245048733243e-01
3.348404601521859369e-01 -4.791049037652577169e+01
4.834308244040119718e+01 4.841771606878881862e-01
-5.271099885845382804e-01 4.787193355909447945e+01
-4.843851456092667718e+01 -9.352752923652419836e-01
3.304423746324580691e-01 -4.791213423750950540e+01
4.834296571225392114e+01 4.831794775268259401e-01
-5.358009435652273389e-01 4.787155847605200165e+01
-4.842826156512903424e+01 -9.354926285401756747e-01
3.414847491975919747e-01 -4.791085143981231909e+01
4.833822028015481465e+01 4.841059950569183701e-01
-5.319769341031697074e-01 4.787287309032537763e+01
-4.843712310236894325e+01 -9.368351312246364637e-01
3.414395943885808471e-01 -4.791192245973222441e+01
4.833860407092098654e+01 4.820588552348032407e-01
-5.347548013952762025e-01 4.787350356627518266e+01
-4.843356228318509693e+01 -9.357547213258434748e-01
3.410000046845229615e-01 -4.791371445174239341e+01
4.833667986046337006e+01 4.822040595651214123e-01
-5.367377567740760913e-01 4.787418933445033531e+01
-4.844122523750294818e+01 -9.374616286679284816e-01
3.274410311054170020e-01 -4.791136447590401559e+01
4.833958717566274288e+01 4.820217318723513666e-01
-5.242299551610334341e-01 4.787389174920350854e+01
-4.843592283360357698e+01 -9.371178677128234602e-01
3.428737875019950421e-01 -4.791083411235849354e+01
4.833617989119894531e+01 4.795230971767124317e-01
-5.395505718029995901e-01 4.787090816815481276e+01
-4.844294911027683526e+01 -9.365415104764899246e-01
3.356463784063061784e-01 -4.791322493089360535e+01
4.833856651261627491e+01 4.815665097190088839e-01
-5.392493943988470040e-01 4.787110677359491717e+01

image name: img_7.jpg
1600x1200 Resolution, Full Illumination, Exposure = 5, Z = 0.0
angle: 0.664171824502
sx,sy: 16.1394115072, 15.9520916124
MSE: 0.0302851971125
-4.841340337290973395e+01 -9.435472073008895899e-01
2.655078657151989097e-01 -4.793129698031012254e+01
4.833462291930510446e+01 5.040276451449696715e-01
-5.278304945058891473e-01 4.787028248898964478e+01
-4.838380794295382259e+01 -9.267290779908119447e-01
2.783826118900828428e-01 -4.792572930912006512e+01
4.834146401853611508e+01 5.111270578632538530e-01
-5.168951038935576392e-01 4.788534129203673473e+01
-4.839151780940565573e+01 -9.262597394081737434e-01
2.594946074306102579e-01 -4.792454167088110495e+01
4.833694045889516389e+01 5.147212215944911851e-01
-5.278125297105499270e-01 4.788290329515816524e+01
-4.838889362399197580e+01 -9.256888766008062319e-01
2.819396782590510853e-01 -4.792148754473532790e+01
4.833159919948644756e+01 5.075692443886056227e-01
-5.281308114299219092e-01 4.787320072080203914e+01
-4.838184028024077321e+01 -9.243587980255881797e-01
2.804470585338646460e-01 -4.792658557113612261e+01
4.833832805011162748e+01 5.100756848320998627e-01
-5.187176727277751365e-01 4.788798545601967760e+01
-4.838606314516371754e+01 -9.253755010864792574e-01
2.639519607839327930e-01 -4.792650436372950651e+01
4.833173836424837333e+01 5.131663113996027814e-01
-5.135564838587263203e-01 4.788783149289368879e+01
-4.838911672750128190e+01 -9.276297564847477695e-01
2.633627613350522090e-01 -4.792737288198622281e+01
4.834159558951223090e+01 5.120067977331271836e-01
-5.354879566834866989e-01 4.787063487692006447e+01
-4.838323712521600584e+01 -9.249745543850829144e-01
2.739953144778181082e-01 -4.792780277602019368e+01
4.834254811102854887e+01 5.097846863567809805e-01
-5.075414190691520666e-01 4.788927850427900523e+01
-4.839675777086177533e+01 -9.273404236044345827e-01
2.697797703032496219e-01 -4.792840536641080007e+01
4.833755020058626428e+01 5.164387097090610279e-01
-5.152972359432754779e-01 4.788936281788409133e+01
-4.839052082550654887e+01 -9.270243179731908478e-01
2.762741945040003699e-01 -4.792713532856054570e+01
4.833946172459782531e+01 5.091649673868063886e-01
-5.283388267247787207e-01 4.787613145378145418e+01

image name: img_8.jpg
1600x1200 Resolution, Full Illumination, Exposure = 6, Z = 0.0
angle: 0.654203308402
sx,sy: 16.1413733058, 15.9562072506
MSE: 0.0325977608587
-4.843686421035918244e+01 -9.355754828764911712e-01
2.736287414753770797e-01 -4.794016563384747087e+01
4.833072927573736166e+01 4.780458711140139205e-01
-5.093647529172287136e-01 4.788633419557716309e+01
-4.842049973961839271e+01 -9.253139158952159438e-01
2.781138275934166293e-01 -4.793609325052666748e+01
4.833315924667096652e+01 4.804780200240009735e-01
-5.159171389338095270e-01 4.788519408152367163e+01
-4.841478410052791048e+01 -9.195388928088984448e-01
2.770103282431026770e-01 -4.793629030871593244e+01
4.833345003647196592e+01 4.819969223177236750e-01
-5.092052774357356260e-01 4.788578708197923106e+01
-4.842280348791574340e+01 -9.220985020049078384e-01
2.815874028056978284e-01 -4.792912394120850195e+01
4.833073574285746332e+01 4.785738876794334851e-01
-5.112594265882676181e-01 4.788533490754244326e+01
-4.841735867511570746e+01 -9.236418549661942201e-01
2.808468058396494937e-01 -4.793642636062627105e+01
4.833345383194100719e+01 4.814843943927923364e-01
-5.236596002391903371e-01 4.788703514982383069e+01
-4.841230404112160102e+01 -9.227122027981877750e-01
2.854713672409298075e-01 -4.793527516378625819e+01
4.833304358947460599e+01 4.814821725754034887e-01
-5.226348324995214734e-01 4.788682261511286242e+01
-4.841197155302187127e+01 -9.218645860692356031e-01
2.860378759401699389e-01 -4.793394613527934212e+01
4.833284191594384538e+01 4.822014709522542408e-01
-5.099279108203904620e-01 4.788780996766701747e+01
-4.841763013220683121e+01 -9.204341428419562376e-01
2.787090482259125812e-01 -4.793390005193523962e+01
4.833099698573118275e+01 4.781627166761092118e-01
-5.059457828053908202e-01 4.788868575694087326e+01
-4.841801307181511760e+01 -9.220916279586103270e-01
2.911743576459229210e-01 -4.793172130655467811e+01
4.833414680480095171e+01 4.763937271753404534e-01
-5.145719805503874422e-01 4.788595981860101602e+01
-4.841672742939550034e+01 -9.211764391491943371e-01
2.851647840353634944e-01 -4.793496448221818440e+01
4.833407919966764155e+01 4.787238171971046619e-01
-5.167155721836981241e-01 4.788683492587400536e+01

image name: img_9.jpg
1600x1200 Resolution, Full Illumination (Centered), Exposure = 5, Z = 0.0
angle: 0.69574229291
sx,sy: 16.1302295406, 15.9680159979
MSE: 0.0305394500119
-4.843512124873593905e+01 -1.064855254966563525e+00
3.310691247737060916e-01 -4.799033650553839436e+01
4.836081265169951848e+01 5.106799094371895498e-01
-5.199149393081754500e-01 4.795093176815863245e+01
-4.835828277213121140e+01 -9.379968738160908703e-01
3.269733914766236316e-01 -4.798303508578104015e+01
4.834643334090731770e+01 5.037410491298537352e-01
-5.483708068290986670e-01 4.793578839939124947e+01
-4.834493470064318643e+01 -9.359282986037101848e-01
3.285512237055565610e-01 -4.798028279879882518e+01
4.833465081580970235e+01 5.031522413163016516e-01
-5.327886096591953891e-01 4.794478449514165419e+01
-4.834969419114499800e+01 -9.416214875681566676e-01
3.517758581022973896e-01 -4.797192541755899242e+01
4.832552191317319767e+01 5.048772363422976417e-01
-5.393087406510177484e-01 4.793890319841226244e+01
-4.832825918474453175e+01 -9.468036013215441749e-01
3.332738288535527227e-01 -4.797672915222415213e+01
4.831777279397974922e+01 5.022334678160219612e-01
-5.093520292560105300e-01 4.794032421060304472e+01
-4.832590560926882262e+01 -9.445695568899955541e-01
3.111100110927548235e-01 -4.797191179444339326e+01
4.834110461550820759e+01 7.460269271087077714e-01
-5.445505791621830793e-01 4.793278922783542129e+01
-4.831625977157777641e+01 -9.459945563396332524e-01
3.098425711089133339e-01 -4.797979130141675341e+01
4.831180953661187516e+01 5.020330910596806362e-01
-5.334679882299098175e-01 4.793369380011323244e+01
-4.829134265914552060e+01 -9.336282864510052626e-01
3.153903124470753827e-01 -4.797623417169320703e+01
4.830564891710967856e+01 5.005775198263098247e-01
-5.201514998750165208e-01 4.793763690291161339e+01
-4.830385015909909896e+01 -9.447867895133070792e-01
3.093897425028382386e-01 -4.797035647041143136e+01
4.831046096466042883e+01 5.028663477552032246e-01
-5.419471386498602161e-01 4.793326163573874510e+01
-4.829669440644299527e+01 -9.429918305212189322e-01
3.303205799469323134e-01 -4.796576730964633128e+01
4.830418375289202260e+01 5.001225194967805487e-01
-5.325171798770621523e-01 4.792951846167191832e+01

image name: img_10.jpg
2048x1536 Resolution, Full Illumination (Centered), Exposure = 5, Z = 0.0
angle: 0.64457832568
sx,sy: 20.4637099211, 20.1817361148
MSE: 0.179199226461
-6.121794680608710593e+01 -1.147144388874375753e+00
1.503858353281662952e-01 -6.091833746322107146e+01
6.149067749687395690e+01 7.705669230273485271e-01
-6.869049396671584873e-01 5.992199724351183221e+01
-6.130734443268987377e+01 -1.014520124406011581e+00
1.456221660990457689e-01 -6.092271701124062844e+01
6.150715918698041662e+01 7.539054745978946981e-01
-7.835379626029435052e-01 5.997903227781336710e+01
-6.130085849597178793e+01 -1.029267512993658151e+00
3.686085809299571858e-01 -6.082995486576573541e+01
6.166905914281296930e+01 4.339131350443390933e-01
-7.606054933267480944e-01 5.998374974927253334e+01
-6.129625256897773511e+01 -1.031630967738726534e+00
1.118293297130366071e-01 -6.091381586235404910e+01
6.127666544337396459e+01 6.332750913385623015e-01
-8.934528434521959994e-01 6.087414153870018652e+01
-6.149123874116281030e+01 -1.058906318828101378e+00
4.321027136440594996e-01 -6.085342813349388535e+01
6.122703253297511594e+01 3.987604698401567282e-01
-8.870547913758801695e-01 6.089038195259969655e+01
-6.133732271602404751e+01 -1.111096306455365168e+00
5.984184480559104902e-01 -6.078550073826581013e+01
6.135565979827808292e+01 7.065662381692638938e-01
-8.962800482935378010e-01 6.086780810627067240e+01
-6.137744217707359695e+01 -1.088217391409884494e+00
2.559431361207609168e-01 -6.003665848749928102e+01
6.129655312617168050e+01 6.950921495599243771e-01
-7.637599929509902852e-01 5.996350266491772629e+01
-6.129561198207692740e+01 -1.029951629329261875e+00
3.541869037032976397e-01 -6.083770968904038767e+01
6.166076030121386964e+01 4.507816354574765705e-01
-7.631817300827224981e-01 5.998097341493920709e+01
-6.128642359105820958e+01 -1.028221934588358755e+00
1.135947084782868988e-01 -6.091315713533520437e+01
6.127170695137671430e+01 6.319628996995686476e-01
-8.965968664434037505e-01 6.087004060034195163e+01
-6.137139171938523674e+01 -1.081876081640519738e+00
2.215332065326627298e-01 -6.003671651476773974e+01
6.126256795800395594e+01 3.316752608598898533e-01
-9.242000194355213250e-01 6.089313998443581255e+01

image name: NaN
2048x1536 Resolution, Full Illumination (Centered), Exposure = 5, Z = 10000.0
angle: 0.883631083448
sx,sy: 18.434781683, 17.9675599185
MSE: 0.716529834768
-5.507915530320175179e+01 -8.700196932169758091e-01
1.350410062769723085e+00 -5.482880881183697852e+01
5.517771734240303516e+01 9.626484680859702658e-01
-1.594417794547547951e-01 5.411920824631047822e+01
-5.537498497930113217e+01 -8.345307245353860148e-01
2.163731338955436456e+00 -5.383305150826142693e+01
5.524517972513527297e+01 5.692565200301650252e-01
-9.446332996614292821e-02 5.407098013227847844e+01
-5.545084625937590772e+01 -8.154258760407040452e-01
2.343881979563744888e+00 -5.384469250164271159e+01
5.524837954633454729e+01 6.415763250675746709e-01
4.648955490368211763e-02 5.407343657214123311e+01
-5.545040806976476233e+01 -7.956068472579710393e-01
2.297376007946937193e+00 -5.385545279374656502e+01
5.524583914225190995e+01 6.103797130122312620e-01
2.522994680328518591e-01 5.319381320797422319e+01
-5.510369277579678027e+01 -8.512308960638181876e-01
2.251047691790717398e+00 -5.381553377616528877e+01
5.571184756859947385e+01 3.427959350683686957e-01
-3.193331809288771916e-01 5.386914079756166274e+01
-5.519528442117984923e+01 -8.359412248469985096e-01
1.519116512682868070e+00 -5.403141613511969155e+01
5.518007850159855110e+01 9.636994251647099663e-01
-1.576842386876718960e-01 5.412613142362726393e+01
-5.537648585451616867e+01 -8.334626780094708254e-01
2.159041463343685852e+00 -5.383676107074572315e+01
5.524691525218320720e+01 5.783133441463645941e-01
-1.529129596676218616e-01 5.412049371386773799e+01
-5.537054371271106845e+01 -8.300526118810698240e-01
2.265822682885277661e+00 -5.381357628093294210e+01
5.513731255908390239e+01 1.410312185086885772e-01
-4.122165536964526034e-01 5.478335611853469089e+01
-5.534886197654930839e+01 -8.380814848030797570e-01
2.663219333455213889e+00 -5.278161115589226426e+01
5.513812433001977098e+01 2.736256834137503757e-01
-1.284989914922773924e-01 5.416442872986210944e+01
-5.533728830340189120e+01 -8.185530938539378187e-01
-1.299819430055690894e-01 -5.394307626589183968e+01
5.525959093863930605e+01 6.550936865126909536e-01
3.876794615265901633e-01 5.309725150800484528e+01

image name: img_12.jpg
2048x1536 Resolution, Full Illumination (Centered), Exposure = 5, Z = -10000.0
angle: 0.721666269234
sx,sy: 22.9172398863, 22.6645543126
MSE: 0.0818914505816
-6.858216814236585890e+01 -1.118835847959288810e+00
8.330630413325038619e-01 -6.806289397739617186e+01
6.867543181461942936e+01 8.500102330602048450e-01
-1.092337850166705815e+00 6.802336667903063017e+01
-6.866924341143368338e+01 -1.085771005171080716e+00
7.066692683935744679e-01 -6.782131716048603209e+01
6.879998875510483458e+01 6.913591819695851237e-01
-1.089574919805538666e+00 6.795857224147590614e+01
-6.882811263868111951e+01 -1.067129603663298454e+00
5.727385909801474551e-01 -6.813741280967855118e+01
6.845739243015673026e+01 8.369179112699127732e-01
-1.040297490601079788e+00 6.782528025642704961e+01
-6.879845661405366286e+01 -1.047433144228577362e+00
5.476335979142474830e-01 -6.804930373996376147e+01
6.895407416820462743e+01 4.655204525484152311e-01
-1.187593840135423129e+00 6.807144381023982760e+01
-6.853106486459522273e+01 -1.097436371863445670e+00
7.273494894701442171e-01 -6.784350372534845519e+01
6.878863401175962622e+01 7.036620391657566476e-01
-1.026446103939554710e+00 6.795819906184783576e+01
-6.885576863610980070e+01 -1.060272840377250780e+00
5.574292541408436552e-01 -6.804844267795157009e+01
6.895593348839042847e+01 4.661233379036593405e-01
-1.188036022514268097e+00 6.807024953935241740e+01
-6.885961744292424669e+01 -1.065192645099025670e+00
5.551465414291848477e-01 -6.804986593789797666e+01
6.895746535469793059e+01 4.669679540637433068e-01
-1.237657055972474218e+00 6.807333633443647614e+01
-6.878118468111063066e+01 -1.078397616636227019e+00
5.620883897896444825e-01 -6.813171842464198846e+01
6.847689298767039645e+01 8.345226235792928549e-01
-1.041530905968833798e+00 6.782520415285473803e+01
-6.874342941088212910e+01 -1.048731737142840181e+00
5.356555845395787330e-01 -6.813988528683148616e+01
6.845037705647143866e+01 8.437830914482264966e-01
-9.962898487032296746e-01 6.780957390429401244e+01
-6.874552178868023589e+01 -1.048405097246435602e+00
4.425441734620036982e-01 -6.803077664066549346e+01
6.901182173523451979e+01 5.719698152425763960e-01
-1.057964636979211726e+00 6.783779014513243055e+01

image name: img_13.jpg
2048x1536 Resolution, Full Illumination (Centered), Exposure = 4, Z = -10000.0
angle: 0.756309066275
sx,sy: 22.9088913405, 22.6643963918
MSE: 0.0682080686962
-6.855654021628063788e+01 -1.125001121178459851e+00
7.267552644902514070e-01 -6.790250420778131968e+01
6.899380234212895857e+01 4.957323516012450693e-01
-1.218387429949496559e+00 6.808119326323139830e+01
-6.882381513533607631e+01 -1.068403484502988388e+00
5.418569268802564398e-01 -6.804976901491892249e+01
6.901389959361189597e+01 4.702821214240907599e-01
-1.238446889448910460e+00 6.808773384301078124e+01
-6.850566800204421725e+01 -1.104897896793425760e+00
8.475529018925259672e-01 -6.806313586487897282e+01
6.869083620132815327e+01 8.697705770854442520e-01
-1.227311076748125895e+00 6.807729838226906338e+01
-6.853276690207977140e+01 -1.098970575042370390e+00
7.232866817785377211e-01 -6.789328750228328602e+01
6.877979279189885631e+01 7.227952926432811287e-01
-1.013130554377754677e+00 6.785854169095590294e+01
-6.866755940758964982e+01 -1.091061748850514990e+00
6.998046121595763447e-01 -6.787883316608190398e+01
6.876979489398600265e+01 7.133756384827327768e-01
-9.767765931625477238e-01 6.791958855473853873e+01
-6.882209730166212580e+01 -1.056536088560610764e+00
6.946361606930755439e-01 -6.815375197969628118e+01
6.869240568865218677e+01 8.692314655436916837e-01
-1.237101488177046349e+00 6.808432283390509099e+01
-6.851965770731196415e+01 -1.096037077703313489e+00
8.291649822742750420e-01 -6.806641817039128739e+01
6.846250872079146177e+01 8.671070104518671107e-01
-1.099961308632240842e+00 6.798377230425019491e+01
-6.877334942928817441e+01 -1.072193183591731991e+00
6.438750712831883272e-01 -6.802153589448086279e+01
6.878498220869575164e+01 7.316021457687897911e-01
-1.083385695621277067e+00 6.796802867758064792e+01
-6.851168576274683630e+01 -1.087766021811677586e+00
6.718672514374672833e-01 -6.788661821375598038e+01
6.885772795863435647e+01 7.307092273015580730e-01
-9.744855626195800813e-01 6.785232309175890464e+01
-6.867103579886466491e+01 -1.091290966666580431e+00
6.994531446960992049e-01 -6.788571857209035443e+01
6.898187505119561536e+01 4.897110460797371445e-01
-1.093509028669248373e+00 6.803286824128743149e+01

image name: img_14.jpg
2048x1536 Resolution, Full Illumination (Centered), Exposure = 4, Z = 0.0
angle: 0.576519338184
sx,sy: 20.4647520914, 20.1310596711
MSE: 0.166244418305
-6.127085591256925312e+01 -1.055806100196414743e+00
1.888174198297942752e-01 -6.022584787759961955e+01
6.133368971562060779e+01 7.466310064344030550e-01
-8.310784813871407994e-01 6.077395507645886852e+01
-6.142413594941100996e+01 -9.925143206947599772e-01
2.153505818654968262e-01 -6.086263188292259940e+01
6.140219955616990433e+01 7.567461047008139374e-01
-4.846410526727276125e-01 5.993478278645866197e+01
-6.126312637539801642e+01 -1.026923915180236069e+00
1.581425158649215623e-01 -5.999267049010664010e+01
6.125526775929279921e+01 3.895481861692077219e-01
-8.225364670312250714e-01 6.081909165713972953e+01
-6.128543169910752653e+01 -1.003723876732477427e+00
1.640008581200816939e-01 -5.999949512809703123e+01
6.165779108489245885e+01 4.868996211082270431e-01
-4.786562750224401253e-01 5.993415924975615638e+01
-6.137309055330452168e+01 -9.711706922301495126e-01
1.895967031755410037e-01 -6.090477820297876121e+01
6.135758081054766677e+01 7.332748362177480272e-01
-5.663446018808107052e-01 5.995410387402356633e+01
-6.126521126081802748e+01 -1.026434913308804875e+00
1.572043981508219890e-01 -5.999578757103128623e+01
6.125386405181892968e+01 3.633025688052377022e-01
-8.495121739260864668e-01 6.082764187187133587e+01
-6.127989360060490753e+01 -1.001732154816162401e+00
1.616403323323287733e-01 -6.000642752379029332e+01
6.126125961925468033e+01 3.907581881397038104e-01
-8.244892719059072617e-01 6.084120414036996038e+01
-6.152472521560915197e+01 -9.843676517574060369e-01
2.022824012198455312e-01 -6.090522588703535689e+01
6.135999933808504636e+01 7.448478308762472855e-01
-5.123741292945399595e-01 5.995562632049163909e+01
-6.135089517232967182e+01 -9.763296689099002501e-01
4.090879502624910069e-01 -6.081969174147998558e+01
6.169156969238840560e+01 4.386749779804779426e-01
-5.360867935934059414e-01 5.993381485667316610e+01
-6.135512566173304805e+01 -9.782892768937193617e-01
2.287329250441315631e-01 -6.088559853017941492e+01
6.124678583108271823e+01 6.300077907342023220e-01
-8.299222249654945038e-01 6.084036792779752290e+01

image name: img_15.jpg
2048x1536 Resolution, Full Illumination (Centered), Exposure = 4, Z = 10000.0
angle: 0.948978840435
sx,sy: 18.390770244, 17.8634068015
MSE: 0.722778068554
-5.505142906466277708e+01 -9.375575165907612529e-01
2.360940577717008271e+00 -5.280250419083347424e+01
5.520542023032876955e+01 5.433266639752133420e-01
-3.194875458694454995e-01 5.411906435591431119e+01
-5.528131053516384696e+01 -8.770574238112445187e-01
2.065625967518793793e+00 -5.383409453320252425e+01
5.511362883906993204e+01 1.442259542766876623e-01
-6.022611752430671039e-01 5.478250544179751103e+01
-5.522445448288656422e+01 -8.888057801510309552e-01
2.370088852760307674e+00 -5.280641417874599597e+01
5.508578060507200291e+01 2.078838570095221938e-01
-3.641578991912765018e-01 5.419058493438958379e+01
-5.528347306490994129e+01 -8.524717051921639754e-01
2.071263761552122329e+00 -5.384326129781902637e+01
5.525382543509289945e+01 4.923959894873699561e-01
1.392270376420041700e-01 5.313843255554266420e+01
-5.509647074969294778e+01 -8.635332269583998466e-01
1.628684887632272371e+00 -5.402575618581300887e+01
5.514486915292398805e+01 8.862187326578394586e-01
1.868202435375050374e-01 5.305509074354775834e+01
-5.495964874048360826e+01 -8.720891591502671902e-01
1.499465904715530762e+00 -5.402606149392050838e+01
5.509366835990064004e+01 5.276458241299591956e-01
-4.729360059024961815e-01 5.399298234843377742e+01
-5.500433912855562824e+01 -9.178873398761524527e-01
1.778396456682064697e+00 -5.382518628620207579e+01
5.514282792471543360e+01 8.924415536541315808e-01
1.904632291759795759e-01 5.313339576429544309e+01
-5.503100642635684636e+01 -9.130277377723057253e-01
2.395836846258390995e+00 -5.279819801219252895e+01
5.507439309018391782e+01 1.543338337111803404e-01
-4.850715429907422882e-01 5.401219705465521770e+01
-5.498967207799640278e+01 -8.737372415358856115e-01
2.035576562819895408e+00 -5.386177307761280986e+01
5.521086112170026894e+01 5.396160767834529137e-01
-1.163119746663033860e-01 5.409262462590677245e+01
-5.520990297111385559e+01 -8.760887564806616457e-01
2.492596553655355152e+00 -5.279185856549412392e+01
5.527802194766228894e+01 5.735032566616726779e-01
3.494344355274516811e-01 5.308527700609873534e+01

image name: img_16.jpg
1280x720 Resolution, Full Illumination (Centered), Exposure = 4, Z = 0.0
angle: 0.79128816196
sx,sy: 12.8443135863, 12.6689481
MSE: 0.157016841297
-3.831578927735491646e+01 -6.701473125195736014e-01
1.040439386351164730e+00 -3.789794619237115825e+01
3.872275733474840820e+01 3.059877094524887098e-01
-9.745620306374425112e-02 3.811127787468147687e+01
-3.831318539120734812e+01 -6.655524523229683354e-01
1.050344063294218699e+00 -3.789627883280179788e+01
3.872766539465860802e+01 3.093182199278174394e-01
-9.904702072346549535e-02 3.811239592962331102e+01
-3.831711683070577834e+01 -6.657976456673282417e-01
1.053134532411954094e+00 -3.789658110871324936e+01
3.872876297876983642e+01 3.107301337071114444e-01
-9.145191633236182671e-02 3.811240355414528125e+01
-3.831762870237148633e+01 -6.655565285534636999e-01
1.044587610309948067e+00 -3.789600540026657427e+01
3.873343252718986918e+01 3.132255558971775988e-01
-9.441631371596825861e-02 3.811203788140096549e+01
-3.831854181482959376e+01 -6.644713368395478437e-01
1.043234039456176765e+00 -3.789793772866454447e+01
3.873147566815953269e+01 3.081012020633790982e-01
-9.046947081550715808e-02 3.811293948349848648e+01
-3.831924705353934968e+01 -6.653858047041291135e-01
1.046369252677697093e+00 -3.789735531022167692e+01
3.873407649077973502e+01 3.132828471098077494e-01
-9.435701396681361874e-02 3.811397618230915185e+01
-3.831674565104437136e+01 -6.629968478114480757e-01
1.042801215634094003e+00 -3.789873820825393125e+01
3.873450983535750680e+01 3.116964576650630980e-01
-8.715835108613356752e-02 3.811800863796429439e+01
-3.832553495428996371e+01 -6.641288461981095237e-01
1.049173578000462514e+00 -3.789826664048119653e+01
3.873451933881948150e+01 3.109441971765740664e-01
-8.378656100248083050e-02 3.811828512823236537e+01
-3.833204175623610155e+01 -6.652432139642068254e-01
1.044340298616623475e+00 -3.790003475175169001e+01
3.873973878897318457e+01 3.133010767909332195e-01
-8.778888592056477425e-02 3.811726644937344588e+01
-3.832631103643960557e+01 -6.646975183044436797e-01
1.053474529208219046e+00 -3.789901830973064989e+01
3.873428174732949003e+01 3.114094751408744144e-01
-8.470575911081967835e-02 3.811960352410467578e+01

image name: img_17.jpg
2048x1536 Resolution, Full Illumination (Centered), Exposure = 4, Z = 0.0
angle: 0.591535278405
sx,sy: 20.4484180624, 20.1071932871
MSE: 0.163313771131
-6.128403808174784473e+01 -1.084873711854104750e+00
1.814685187126662269e-01 -5.998692684874416869e+01
6.128989761505522438e+01 6.968114982577948702e-01
-5.315936548705811893e-01 6.013623987786822767e+01
-6.148333303940876959e+01 -1.022160004169802017e+00
4.402064524686214453e-01 -6.082428855067993112e+01
6.121769845346945971e+01 4.057413829532680039e-01
-9.477628302810098271e-01 6.082374616762394481e+01
-6.127363385375742411e+01 -1.054002346275297430e+00
1.811432986016885405e-01 -5.997849857235736692e+01
6.130102902684007660e+01 7.004159832394977192e-01
-5.293611445109502878e-01 6.013516570962093510e+01
-6.126234540054912259e+01 -1.046901346609630190e+00
1.789238747220103232e-01 -5.998606830637925214e+01
6.123912751774656016e+01 3.872179470528681611e-01
-7.303603002380917308e-01 6.015277321177033087e+01
-6.131774275270128527e+01 -1.011711295264940746e+00
-1.616141110144251325e-01 -6.023606826042148299e+01
6.123632758050096925e+01 3.473181842625167604e-01
-9.429776544336148092e-01 6.082953082437043690e+01
-6.125913249126622873e+01 -1.056292190813499676e+00
2.262848849129287521e-01 -6.021630355899213072e+01
6.136493370416564375e+01 7.792615409681517002e-01
-5.167336687242529703e-01 6.013961593032588127e+01
-6.125925592426473543e+01 -1.051085661011395445e+00
1.848627436352773268e-01 -5.998805380944460808e+01
6.124335477101933378e+01 3.864972813609220958e-01
-9.530372295752792544e-01 6.082828219160654015e+01
-6.126392837343140485e+01 -1.055087986191785898e+00
1.867036204178964542e-01 -5.997921387268478099e+01
6.162587898497694994e+01 4.184298820113992456e-01
-6.925771662424951014e-01 5.994243619311318838e+01
-6.131558214854854327e+01 -1.007599705594218964e+00
4.091604438735649829e-01 -6.080395160449020153e+01
6.124854578926854032e+01 4.058587335371032778e-01
-9.539192878110627216e-01 6.083046800264295229e+01
-6.147408253395592226e+01 -1.032156729763103131e+00
2.484819352146332427e-01 -6.091052657781501978e+01
6.137716348232208219e+01 7.815822168829432703e-01
-5.169520163499962129e-01 6.014180887543010812e+01

image name: img_18.jpg
1600x1200 Resolution, Full Illumination (Centered), Exposure = 4, Z = 0.0
angle: 0.680238807151
sx,sy: 16.1287749023, 15.9533479571
MSE: 0.031874986519
-4.838031827599619561e+01 -9.351501688688259595e-01
3.232471948480750701e-01 -4.791612050526767774e+01
4.830371926622844114e+01 4.713740198648852520e-01
-5.558903059046713668e-01 4.785866812608109910e+01
-4.838044258303194312e+01 -9.238570422330815157e-01
3.343805200439766701e-01 -4.790514255411825673e+01
4.831364049553143758e+01 4.735554094153874849e-01
-5.502999860557795664e-01 4.786435711738101162e+01
-4.838367289219105061e+01 -9.245610156859823681e-01
3.320129224335430784e-01 -4.790429360552347049e+01
4.831909064617521210e+01 4.749563846915110799e-01
-5.507363044931963270e-01 4.786374360375997838e+01
-4.838035981169306865e+01 -9.250023342250386360e-01
3.269785818941898237e-01 -4.791125971411596396e+01
4.831457969482683268e+01 4.744671849122185092e-01
-5.518421461147575702e-01 4.786880497495887710e+01
-4.837386438015545309e+01 -9.242324437099386225e-01
3.363117728298291587e-01 -4.790916442159008426e+01
4.831491163316533033e+01 4.752382084683838825e-01
-5.532424955128951716e-01 4.786946678355059248e+01
-4.837902464949159764e+01 -9.240544484509687351e-01
3.419530132252435184e-01 -4.791015791747170027e+01
4.831681719342375914e+01 4.746642015408110149e-01
-5.494132659663335527e-01 4.786969328806194568e+01
-4.837977599722341182e+01 -9.257524262218491673e-01
3.392458391267317852e-01 -4.791176806777376385e+01
4.832150548836957427e+01 4.775664158162219453e-01
-5.570162181685076597e-01 4.786722592251218344e+01
-4.838584181845823196e+01 -9.236573848452885871e-01
3.363298736525077715e-01 -4.791503564053981989e+01
4.832613177403193561e+01 4.782646593070122298e-01
-5.424935405597907101e-01 4.787303060526810583e+01
-4.838083832729709854e+01 -9.225395811023617831e-01
3.403798261655022195e-01 -4.791808338668649014e+01
4.832164585915203503e+01 4.755353454295707105e-01
-5.467797718730207368e-01 4.787478762561599410e+01
-4.838160839149929870e+01 -9.239816381463483719e-01
3.367906896211172452e-01 -4.791935380589269045e+01
4.832571906322442601e+01 4.769582173470554021e-01
-5.422716780922320901e-01 4.787804620331017702e+01

image name: img_19.jpg
1600x1200 Resolution, Full Illumination (Centered), Exposure = 4, Z = 5000.0
angle: 0.861524627786
sx,sy: 15.2494925126, 14.9921101025
MSE: 0.306184394561
-4.555230709449094206e+01 -8.036915054253300772e-01
1.506388108406963244e+00 -4.487982087592600777e+01
4.588904198484866725e+01 3.375592004970915383e-01
-7.960273273516427217e-02 4.509469701767121563e+01
-4.554153518701413361e+01 -7.924723204676666910e-01
1.521075786846675104e+00 -4.487192365176526465e+01
4.590693848926314047e+01 3.433079757202753823e-01
-7.732073134297945405e-02 4.509617048677854001e+01
-4.555036252004314434e+01 -7.918135227269320620e-01
1.514107819249347564e+00 -4.487203934375893510e+01
4.590274448103601657e+01 3.430657871226369116e-01
-8.757273528392139905e-02 4.509535457036985662e+01
-4.554903177318573881e+01 -7.897974425080093175e-01
1.534391101746477082e+00 -4.487118969758536480e+01
4.590219763340233783e+01 3.404328246002182867e-01
-7.833438965868522175e-02 4.510027482862052750e+01
-4.554439566327223332e+01 -7.908762877731024821e-01
1.511100148860831771e+00 -4.487400381603497124e+01
4.590414197923374928e+01 3.434701185991344552e-01
-7.565747486379181819e-02 4.509812459499990211e+01
-4.554562103113319438e+01 -7.895855575477640498e-01
1.525215495704870694e+00 -4.487369794378034982e+01
4.589946703473787437e+01 3.433297948981158809e-01
-7.566227374858702781e-02 4.510401437797354873e+01
-4.554761522060954348e+01 -7.876213826671714102e-01
1.521946371513871687e+00 -4.487462887230292097e+01
4.590317704894019357e+01 3.419013614735055828e-01
-8.278683725783120284e-02 4.510786015180667619e+01
-4.555310888800335078e+01 -7.907977462663402513e-01
1.514140337440958994e+00 -4.487579424092435687e+01
4.590571499847425230e+01 3.458167296433176663e-01
-8.108714044978115876e-02 4.510605833375784357e+01
-4.555497471794305397e+01 -7.905505436797778396e-01
1.502257626704572635e+00 -4.487810462235811571e+01
4.590533041042653650e+01 3.448855832718485392e-01
-7.238040104713339140e-02 4.510747802409291296e+01
-4.555201190034370740e+01 -7.895109164043060401e-01
1.513282636766030143e+00 -4.487852439147188477e+01
4.590798268897354006e+01 3.446836207043258438e-01
-6.305660706518434466e-02 4.511357716029901610e+01

image name: img_20.jpg
1600x1200 Resolution, Full Illumination (Centered), Exposure = 4, Z = 10000.0
angle: 0.852246037995
sx,sy: 14.4638451412, 14.2706468365
MSE: 0.323992041224
-4.303283706648156937e+01 -7.372101974631429799e-01
1.455454336904660861e+00 -4.279072741808914770e+01
4.368573784602340027e+01 2.797057451344446277e-01
-8.782073541006840678e-02 4.289588787127648573e+01
-4.301638494307517391e+01 -7.283777571016185615e-01
1.469785756815013666e+00 -4.278281128774730036e+01
4.368876674498458357e+01 2.788736120949650288e-01
-9.379343487475721997e-02 4.289324225774696231e+01
-4.301128075126445793e+01 -7.265803602885332335e-01
1.478237479078267747e+00 -4.277826909171815828e+01
4.369047254737802888e+01 2.781882032693017703e-01
-9.629719603440678455e-02 4.289237711694712374e+01
-4.301257499199621037e+01 -7.234560981096410659e-01
1.475798797416152386e+00 -4.278354613409694451e+01
4.368626165200068101e+01 2.793589897588477644e-01
-8.544445577710724216e-02 4.289703431637733644e+01
-4.301045133138958221e+01 -7.249652631000685910e-01
1.464403344276260510e+00 -4.278430513200509466e+01
4.368923126437655924e+01 2.782210619532977658e-01
-8.542411892612766788e-02 4.289957128756580573e+01
-4.301114270867492451e+01 -7.260252396615168857e-01
1.480236495768575411e+00 -4.278313212523420361e+01
4.369064315837182733e+01 2.804597568523888307e-01
-7.767000972767656997e-02 4.290249177847372408e+01
-4.301516093344791614e+01 -7.261773097554564682e-01
1.472780153524386737e+00 -4.278383873025461526e+01
4.368831144059542027e+01 2.786284207617544251e-01
-6.982394333569763578e-02 4.290540963298533228e+01
-4.301053220297453805e+01 -7.260983779972016716e-01
1.476482509741611882e+00 -4.278388506439009831e+01
4.369095131510115948e+01 2.817024731305255436e-01
-8.881845870957294498e-02 4.290260896161733228e+01
-4.301320140997204788e+01 -7.260167251950833123e-01
1.475375148226812039e+00 -4.278428924394196287e+01
4.368784967844054279e+01 2.803537173245131964e-01
-7.248196725281386144e-02 4.290574333726104328e+01
-4.301414779697059032e+01 -7.249060235003230712e-01
1.474218231524087930e+00 -4.278591245799435683e+01
4.369253872618683943e+01 2.811244851318939753e-01
-9.694931000790696363e-02 4.290523590996206593e+01

image name: img_21.jpg
1600x1200 Resolution, Full Illumination (Centered), Exposure = 4, Z = -5000.0
angle: 0.73676098922
sx,sy: 17.0669438839, 16.923917362
MSE: 0.0129568953155
-5.113069056393737100e+01 -9.361614002454209382e-01
3.797507107439713758e-01 -5.085596332636319516e+01
5.113393576857980349e+01 6.921565257056798703e-01
-6.192551461904141075e-01 5.080651556687617898e+01
-5.111748285510239498e+01 -9.233336346341035616e-01
3.904633004718861544e-01 -5.084663498701397089e+01
5.114864200603570765e+01 6.916895968139735729e-01
-6.102062886508612394e-01 5.080794463826923391e+01
-5.110905724609401091e+01 -9.196341784538228925e-01
3.914995113432174767e-01 -5.084632991856859974e+01
5.114780065232410777e+01 6.940502644496794327e-01
-6.216670160654285127e-01 5.080797920862534056e+01
-5.110474373385598312e+01 -9.174806477833379326e-01
3.865050052385805568e-01 -5.084973764833315357e+01
5.114085620725123960e+01 6.922138438755727208e-01
-6.125478508339468053e-01 5.081166142213911741e+01
-5.111275857525854605e+01 -9.186566078562408144e-01
3.934769165658924539e-01 -5.084874673889721919e+01
5.114947961378164365e+01 6.960146138508986891e-01
-6.154930176639941131e-01 5.081197883780980362e+01
-5.111813666573225134e+01 -9.212860493286306740e-01
3.903528057403472529e-01 -5.085028303925015791e+01
5.115519917598410160e+01 6.963722273806109975e-01
-6.182319728563105965e-01 5.081262127413097573e+01
-5.111633793494795697e+01 -9.181686432869298198e-01
3.874202959026541437e-01 -5.085321685517381951e+01
5.115145056844943383e+01 6.981910579995478372e-01
-6.138587371485652033e-01 5.081313257156736540e+01
-5.111467286543007305e+01 -9.195754868371708302e-01
4.008859436878746685e-01 -5.084991033040557085e+01
5.115436455894177215e+01 6.985710030026235362e-01
-6.133202271514126558e-01 5.081365202157826388e+01
-5.111389504674206563e+01 -9.183192194711422562e-01
3.897736440765035004e-01 -5.085617222088994538e+01
5.115515684117330153e+01 6.989868989469356642e-01
-6.046317825135755220e-01 5.081796302998792925e+01
-5.112065608269639228e+01 -9.190348378177388700e-01
4.035909838642457448e-01 -5.085273189427921636e+01
5.115859674791089873e+01 6.978665006954372085e-01
-6.136984395908153811e-01 5.081597561206835678e+01

image name: img_22.jpg
1600x1200 Resolution, Full Illumination (Centered), Exposure = 4, Z = -10000.0
angle: 0.850732231077
sx,sy: 18.1252876043, 17.9604858278
MSE: 0.00499038908382
-5.435470857546588519e+01 -1.020481863617655804e+00
6.682243947816033369e-01 -5.391542249267169495e+01
5.437263099933169030e+01 8.424957796039203028e-01
-7.346896330634018479e-01 5.389535400527805820e+01
-5.431956094505621024e+01 -1.003225692873595642e+00
6.292178364376468380e-01 -5.391739354375123128e+01
5.436469694298560285e+01 8.368927012050519920e-01
-7.351267928922321504e-01 5.389485718021673222e+01
-5.431710861281064950e+01 -1.003022473086228272e+00
6.232068746682086768e-01 -5.391791633241689397e+01
5.437237797831182462e+01 8.430670772857971063e-01
-7.375211515228040637e-01 5.389412308780065075e+01
-5.430702971007884372e+01 -9.988988556156286336e-01
6.248759588984675872e-01 -5.391972109950791037e+01
5.436875052612106884e+01 8.349163241488597453e-01
-7.206126675669357606e-01 5.389967742593938738e+01
-5.431263928117117956e+01 -9.990595902104426607e-01
6.264544100485032185e-01 -5.391520354515011348e+01
5.435469036624228067e+01 8.374536619162278317e-01
-7.346328312603502830e-01 5.389552687990260438e+01
-5.431173728435155823e+01 -1.006621631782762094e+00
6.384716106141757885e-01 -5.391165150615162815e+01
5.435392113794928548e+01 8.384198289294655382e-01
-7.300750273889481390e-01 5.389511009571002376e+01
-5.431699045704306883e+01 -1.004752078974055385e+00
6.330000553250261230e-01 -5.391594080282190760e+01
5.434933914099173791e+01 8.388307395026106672e-01
-7.367051060133655849e-01 5.389352264964285411e+01
-5.431301998127575814e+01 -1.003297336018298624e+00
6.442304555809169608e-01 -5.391576398818352800e+01
5.436282906208145960e+01 8.374461395550281129e-01
-7.395023552967033842e-01 5.389625101382580397e+01
-5.432488869499853479e+01 -1.005863461988210972e+00
6.453460893479530114e-01 -5.391217099443190364e+01
5.435334975399606350e+01 8.391116031990408786e-01
-7.317812577336050284e-01 5.389612387792148240e+01
-5.431226857203586889e+01 -1.006523609232154115e+00
6.431303861818582490e-01 -5.391390918162046830e+01
5.435303887129911260e+01 8.381665827796330737e-01
-7.317306445767626233e-01 5.389652470444465138e+01

image name: img_22.jpg
1600x1200 Resolution, Full Illumination (Centered), Exposure = 4, Z = -10000.0
angle: 4.74952854295
sx,sy: 17.8555458623, 14.1129946868
MSE: 109.586119705
-5.252158153723323863e+01 -2.247182808044085600e-01
1.667460544475504136e+01 -4.485458667168224167e+01
5.202118960301395845e+01 1.911486731643283754e-01
4.220737585152711802e+00 4.503833207614593448e+01
-5.213908663013791056e+01 -2.328320170886638563e-01
1.801936114419221013e+01 -4.285344832409386839e+01
5.197704271933319120e+01 2.028436966742759306e-01
6.753630537265064682e+00 4.406158465325135154e+01
-5.192992765673157862e+01 -3.249134905369915893e-01
2.323412359626216173e+01 -4.084771602175480609e+01
5.198491389276579611e+01 1.988466255821555173e-01
6.489408418737879991e+00 4.405972576373885374e+01
-5.214868477148894499e+01 -6.640456207112248599e-01
2.028298789346336406e+01 -4.283148021127009741e+01
5.199029996952977228e+01 2.060823760932850301e-01
7.765567848212452162e+00 4.407692666485267097e+01
-5.203628999588489279e+01 -3.085371264195204133e-01
2.442831871133853738e+01 -4.278925045496865209e+01
5.199244943091296989e+01 2.032411773629584639e-01
7.917307299750198979e+00 4.407724894891919831e+01
-5.220690851042938618e+01 -6.774489182352780858e-01
2.519586683819468931e+01 -4.278104017744522736e+01
5.200255059372632616e+01 2.136298543415397211e-01
7.787413493663782660e+00 4.408428088660768651e+01
-5.219161936702607107e+01 -6.741419078132084852e-01
2.316653283177948452e+01 -4.279964729098258402e+01
5.200538070996088180e+01 2.054117678489791321e-01
7.748168211768781788e+00 4.407303558567488011e+01
-5.219225466346269826e+01 -6.618739712700034694e-01
2.367656952601453568e+01 -4.279312383840102996e+01
5.199775399986662450e+01 2.096788795376477721e-01
8.158971606313905056e+00 4.407317534341687093e+01
-5.218740154513920260e+01 -6.940932091748761579e-01
2.313654665842922853e+01 -4.279722005177256960e+01
5.200488077753901450e+01 1.985089469789720062e-01
7.354364501757855166e+00 4.406088475078284716e+01
-5.220173063011485937e+01 -6.796016294812621261e-01
2.423371877007246766e+01 -4.279491993829541485e+01
5.199167709613085009e+01 2.109098730978892777e-01
6.215833165457227416e+00 4.405474279343340527e+01

image name: img_22.jpg
1600x1200 Resolution, Full Illumination (Centered), Exposure = 4, Z = -10000.0
angle: 4.82528477893
sx,sy: 18.0744079847, 15.1659499712
MSE: 153.841762617
-5.266461203544225356e+01 -8.917093498703295706e-01
3.073511443269477539e+01 -4.671473112461513466e+01
5.202227567987451096e+01 2.729796188327805462e-01
1.044105373081898236e+01 4.821264963751242050e+01
-5.207885539423185151e+01 -8.024080901833017254e-01
2.038132971203873112e+01 -4.582701539305621452e+01
5.202414168240024850e+01 2.674393561099203120e-01
1.019032517135102012e+01 4.820586393948225634e+01
-5.208317045893485897e+01 -8.013456232426254822e-01
2.154474159341638639e+01 -4.581575408617480605e+01
5.202521843321076034e+01 2.639610134275858222e-01
9.059520354591914071e+00 4.818851626815467881e+01
-5.207988553384043939e+01 -8.070640919272679126e-01
2.100581699218106380e+01 -4.582056867252754984e+01
5.202518051255765386e+01 2.653182018337993386e-01
9.333279065778658179e+00 4.819698384907875521e+01
-5.208186356800320738e+01 -8.079807645749910172e-01
2.059267049043047138e+01 -4.581778799371639366e+01
5.202622349691425541e+01 2.664420231143405093e-01
9.338473832750702641e+00 4.819531791527115416e+01
-5.208327554367147627e+01 -8.015016456149957058e-01
2.287353772600422275e+01 -4.579968824329341004e+01
5.202171315505135141e+01 2.613998670232994259e-01
1.014937839736968073e+01 4.821369178010304779e+01
-5.209028870603992800e+01 -8.406523142840166551e-01
3.419592893803913825e+01 -4.668095216042955542e+01
5.202705734725532238e+01 2.844864202845136525e-01
2.739461751228434938e+00 5.106036390960696991e+01
-5.209439405309077387e+01 -8.419722643545474172e-01
2.298727050608021472e+01 -4.579947071178413864e+01
5.201886335929494010e+01 3.436041908304984238e-01
1.120287303070396767e+01 4.822627189394359704e+01
-5.207976473499915215e+01 -8.495488142759980432e-01
1.933388532889725653e+01 -4.583393479533765458e+01
5.202470317354443097e+01 2.679567889535619529e-01
8.948071100335761585e+00 4.819246367320137381e+01
-5.208924860712689053e+01 -8.126064990184772574e-01
3.430258007171430990e+01 -4.667909745102360830e+01
5.202910306892619019e+01 2.638639560578031618e-01
9.798744934677351637e+00 4.820196587012946310e+01

image name: img_22.jpg
1600x1200 Resolution, Full Illumination (Centered), Exposure = 4, Z = -10000.0
angle: 0.704089453934
sx,sy: 17.3630111835, 15.7043789975
MSE: 221.024995661
-5.212944993333974963e+01 -7.780280646187263116e-01
2.167327950017167737e+01 -4.580350605955634080e+01
5.203849020508356205e+01 2.790310552450707693e-01
2.029227255710635092e+01 4.841791500421653893e+01

image name: img_22.jpg
1600x1200 Resolution, Full Illumination (Centered), Exposure = 4, Z = -10000.0
angle: 23.7142122152
sx,sy: 11.6516727627, 0.532999129071
MSE: 119.372664781
-2.982870746647234483e+01 -3.003004666726500460e+01
-4.427587191785984366e+00 -1.099642713119922899e+00
3.306704404400350228e+01 3.746270413582344361e-01
-3.425127150761422712e+00 2.939604323581679779e+00

image name: img_22.jpg
1600x1200 Resolution, Full Illumination (Centered), Exposure = 4, Z = -10000.0
angle: 1.52099369894
sx,sy: 42.1552815016, 2.83485842453
MSE: 2642.15451565
-1.991178172657662060e+02 -3.401779709056393486e+00
5.264769669576765398e-01 -7.983817446279057428e+00
5.376307538221942650e+01 1.055862186027895167e+00
-2.180981899365464827e+00 8.981024311822586981e+00

image name: img_22.jpg
1600x1200 Resolution, Full Illumination (Centered), Exposure = 4, Z = -10000.0
angle: 1.22078762517
sx,sy: 15.5085357361, 12.0148456475
MSE: 89.7764551797
-4.809318478573967326e+01 -4.488012810496716520e-01
7.017295797515313183e+00 -4.595930841017315061e+01
2.399461353394559282e+01 7.055304263071084936e-01
4.653287953611823902e+00 4.705569799147593102e+01

image name: img_22.jpg
1600x1200 Resolution, Full Illumination (Centered), Exposure = 4, Z = -10000.0
angle: 1.51542880372
sx,sy: 15.5181594043, 12.7950534511
MSE: 105.844594333
-5.176366611798638928e+01 -8.802952289020937737e-01
7.229872472564868424e+00 -4.594462510794549104e+01
2.501749506945355961e+01 5.530839312003795749e-01
4.170600819400251069e+00 4.709407297297539685e+01

image name: img_22.jpg
1600x1200 Resolution, Full Illumination (Centered), Exposure = 4, Z = -10000.0
angle: 0.521977021367
sx,sy: 17.4923666709, 17.4643113038
MSE: 0.261716521434
-5.293760072246736570e+01 -7.358281300768498845e-01
6.088176492016236230e-01 -5.209593845475230722e+01
5.184527963291541397e+01 2.346414643844133285e-01
-3.314645848001814832e-01 5.285254536232761069e+01

image name: img_22.jpg
1600x1200 Resolution, Full Illumination (Centered), Exposure = 4, Z = -10000.0
angle: 0.611064951455
sx,sy: 17.4302458228, 17.3570578221
MSE: 0.17419309133
-5.229048493510879325e+01 -9.572453289765909812e-01
9.683485838480963004e-01 -5.208932851567601574e+01
5.220624778729030169e+01 3.242739808952388447e-01
2.385066261094048734e-02 5.212589026343186305e+01

image name: img_22.jpg
1600x1200 Resolution, Full Illumination (Centered), Exposure = 4, Z = -10000.0
angle: 0.542138301911
sx,sy: 17.4309964469, 17.3402159537
MSE: 0.19382906328
-5.219089718071958117e+01 -9.299264561292764908e-01
9.044752163882960883e-01 -5.210598678939855688e+01
5.218579128452482507e+01 3.208720422132542716e-01
1.812513793579371146e-01 5.213525992122149688e+01

image name: img_22.jpg
1600x1200 Resolution, Full Illumination (Centered), Exposure = 4, Z = -10000.0
angle: 7.11090661162
sx,sy: 17.7549139877, 10.0798088329
MSE: 0.684609995444
-5.196208783563632494e+01 -6.734465735105084061e-01
1.046372971381430261e+01 -2.994971148935903571e+01
5.184046978267512884e+01 8.998647717126541379e-02
-9.446861762715396793e+00 3.197150349121082158e+01

image name: img_22.jpg
1600x1200 Resolution, Full Illumination (Centered), Exposure = 4, Z = -10000.0
angle: 0.814598789508
sx,sy: 12.3951561637, 9.16508186888
MSE: 0.165285307451
-3.732876722066167474e+01 1.333845070717904202e-01
8.745264089100639460e-01 -2.705314508550257102e+01
3.701806264965278359e+01 4.696730372926848363e-01
-6.283101340204608753e-01 2.794837928576712471e+01

image name: img_22.jpg
1600x1200 Resolution, Full Illumination (Centered), Exposure = 4, Z = -10000.0
angle: 1.28382677273
sx,sy: 12.1523401916, 9.66545035902
MSE: 0.107757475431
-3.687248986286353869e+01 -5.726179261563003609e-01
1.090149633792166783e+00 -2.898618555038309452e+01
3.601663512135253598e+01 5.381607666532171041e-01
-7.320549465407053535e-01 2.899856957231614629e+01

image name: img_22.jpg
1600x1200 Resolution, Full Illumination (Centered), Exposure = 4, Z = -10000.0
angle: 0.117757774864
sx,sy: 17.4680513882, 17.1984466117
MSE: 0.0711585943919
-5.214225158346699374e+01 -6.959264239643732086e-01
-6.060826124885572153e-01 -5.191528751371326678e+01
5.203718305335116412e+01 3.063136648037094734e-01
-3.133397463161557983e-02 5.190382664652180011e+01

image name: img_22.jpg
1600x1200 Resolution, Full Illumination (Centered), Exposure = 4, Z = -10000.0
angle: 0.0748798781839
sx,sy: 17.4745255341, 17.1873826717
MSE: 0.0631374206916
-5.211535973362757801e+01 -6.872242880687426947e-01
-6.487715551323940399e-01 -5.192966877515351598e+01
5.202378680545805167e+01 2.963154529824421068e-01
6.296993801296046911e-02 5.190245641784401442e+01

image name: img_22.jpg
1600x1200 Resolution, Full Illumination (Centered), Exposure = 4, Z = -10000.0
angle: 0.847425248693
sx,sy: 18.0185709684, 17.9539698638
MSE: 0.0666637204894
-5.363513667704374654e+01 -9.466914882006917109e-01
6.696880519561008160e-01 -5.392684313866440959e+01
5.435038871805501515e+01 8.260448677673959406e-01
-7.497403361168126779e-01 5.389926948234445803e+01

image name: img_22.jpg
1600x1200 Resolution, Full Illumination (Centered), Exposure = 4, Z = -10000.0
angle: 0.389637172205
sx,sy: 17.9796348523, 17.6406578969
MSE: 0.0247258368841
-5.374673278171523094e+01 -8.154177924658250198e-01
-1.175546325652025992e-01 -5.304161036121634254e+01
5.390204525228120502e+01 5.511715322894995550e-01
-2.043585418332113379e-01 5.302642636664810993e+01

image name: img_22.jpg
1600x1200 Resolution, Full Illumination (Centered), Exposure = 4, Z = -10000.0
angle: 0.362483238437
sx,sy: 17.9841357232, 17.6367684069
MSE: 0.0268320325931
-5.374704397658243238e+01 -8.059415292050753354e-01
-1.786468848576427959e-01 -5.304409967937837678e+01
5.390300944569242603e+01 5.503425765317681018e-01
-1.744927752514026098e-01 5.302699444510005122e+01

image name: img_22.jpg
1600x1200 Resolution, Full Illumination (Centered), Exposure = 4, Z = -10000.0
angle: 0.418477337933
sx,sy: 17.9764680417, 17.6463221684
MSE: 0.0218344307614
-5.376086982397764302e+01 -8.090627543747802575e-01
-5.679362899807793852e-02 -5.304696087637426416e+01
5.390067656100497118e+01 5.608056217452574987e-01
-2.480033607178955268e-01 5.302253315581075555e+01

image name: img_22.jpg
1600x1200 Resolution, Full Illumination (Centered), Exposure = 4, Z = -10000.0
angle: 0.371699686198
sx,sy: 17.9816021164, 17.6385261238
MSE: 0.0262126011196
-5.375010148991966474e+01 -8.071882824839230475e-01
-1.591529999936651674e-01 -5.304659597038146757e+01
5.389527726650239003e+01 5.490438095445009381e-01
-1.893997380959094867e-01 5.302429747913711822e+01

image name: img_22.jpg
1600x1200 Resolution, Full Illumination (Centered), Exposure = 4, Z = -10000.0
angle: 0.376371529177
sx,sy: 17.9819061244, 17.6377261371
MSE: 0.0215735975912
-5.375541905293308531e+01 -8.081988183829807992e-01
-1.278970797284657568e-01 -5.304145738770457541e+01
5.389476777303588761e+01 5.543062717068513168e-01
-1.692769955975623741e-01 5.302153607677803393e+01

image name: img_22.jpg
1600x1200 Resolution, Full Illumination (Centered), Exposure = 4, Z = -10000.0
angle: 0.383391373371
sx,sy: 17.9835037067, 17.6403778467
MSE: 0.0184919796902
-5.376543194249816793e+01 -8.051061014252451908e-01
-1.009399065027665188e-01 -5.304660946482274397e+01
5.390037358261041334e+01 5.620269445976248113e-01
-1.640469541565789946e-01 5.302608926795421951e+01

image name: img_22.jpg
1600x1200 Resolution, Full Illumination (Centered), Exposure = 4, Z = -10000.0
angle: 0.384443453089
sx,sy: 17.9825350877, 17.6414931023
MSE: 0.0179886925316
-5.376744967941051101e+01 -8.043830711732341543e-01
-8.665662512198557543e-02 -5.304751020960151209e+01
5.390022388466432091e+01 5.530079061058035261e-01
-1.634363558379533510e-01 5.302417401594751567e+01

image name: img_22.jpg
1600x1200 Resolution, Full Illumination (Centered), Exposure = 4, Z = -10000.0
angle: 0.375426252024
sx,sy: 17.9799084669, 17.6387939133
MSE: 0.017927030438
-5.375302552794826028e+01 -8.069496305162440208e-01
-9.088831564205213098e-02 -5.304025499878432726e+01
5.389163666986225110e+01 5.426652837260084183e-01
-1.415963240911057852e-01 5.302270874075092166e+01

image name: img_22.jpg
1600x1200 Resolution, Full Illumination (Centered), Exposure = 4, Z = -10000.0
angle: 0.799911505587
sx,sy: 17.930898382, 17.6295841304
MSE: 0.0424064868682
-5.367824298674085526e+01 -1.043101723642073653e+00
3.592446814293469570e-01 -5.293138335332769628e+01
5.384540609525357269e+01 7.465543436956418866e-01
-8.297809212063054218e-01 5.288706982716140459e+01

image name: img_22.jpg
1600x1200 Resolution, Full Illumination (Centered), Exposure = 4, Z = -10000.0
angle: 0.270957500799
sx,sy: 17.9637120038, 17.2923676783
MSE: 0.216457224549
-5.355676892565009695e+01 -1.039328695547737658e+00
-9.764258637539333652e-01 -5.210514279740482380e+01
5.381591054567148547e+01 6.767120052561956811e-01
-2.607587950716604430e-01 5.205628920953203931e+01

image name: img_22.jpg
1600x1200 Resolution, Full Illumination (Centered), Exposure = 4, Z = -10000.0
angle: 1.19388865794
sx,sy: 18.1479380406, 17.9261697484
MSE: 0.0120428116916
-5.442182166563117107e+01 -1.220097322223980152e+00
1.169168134520582880e+00 -5.377686310722761931e+01
5.443096072304227562e+01 9.124213808762706712e-01
-1.208106216900172836e+00 5.376801369942617015e+01

image name: img_22.jpg
3264x2448 Resolution, Full Illumination (Centered), Exposure = 4, Z = 0.0
angle: 1.19693594646
sx,sy: 18.1561468349, 17.9402735798
MSE: 0.0139839583957
-5.443097981746996794e+01 -1.233235089067272083e+00
1.184077679022916385e+00 -5.383067019574347967e+01
5.443249392525940067e+01 9.618387292221038942e-01
-1.234324349472522897e+00 5.380997699816418134e+01
-5.441425642327233447e+01 -1.224018652852973288e+00
1.171464531626264627e+00 -5.382726548738185812e+01
5.445357236376299426e+01 9.552216385457830139e-01
-1.210818585581755480e+00 5.382091807636553682e+01
-5.442504991242861223e+01 -1.225500552605649940e+00
1.174878215306101481e+00 -5.383006801842755351e+01
5.444492510240327476e+01 9.641693781694332666e-01
-1.209763394661573122e+00 5.382149121040345818e+01
-5.441886631288915765e+01 -1.227042725013695490e+00
1.139295850393867271e+00 -5.374585126743775731e+01
5.454587019757093458e+01 8.371503178970678416e-01
-1.203198313463296865e+00 5.382440960679238628e+01
-5.442429952964457129e+01 -1.228816489752069474e+00
1.171431488583554836e+00 -5.382641438273402912e+01
5.445902040087176488e+01 9.568485543684061012e-01
-1.209681555023494504e+00 5.382435492594485993e+01
-5.442003994183441762e+01 -1.222904013647986066e+00
1.128104478696137170e+00 -5.375045109445689206e+01
5.454807036586375091e+01 8.370194056082738143e-01
-1.199171279279147795e+00 5.382537264460003001e+01
-5.443236017790587766e+01 -1.229249797613780615e+00
1.181785581313297362e+00 -5.382252391930675373e+01
5.445389430106177997e+01 9.551129435573127990e-01
-1.206386128455065876e+00 5.382035332914287551e+01
-5.442578634651016500e+01 -1.227197776464583612e+00
1.186611159278505134e+00 -5.383349741416034817e+01
5.445612114610857191e+01 9.634787227067527215e-01
-1.200765723968002296e+00 5.382681300373908329e+01
-5.443210157708824681e+01 -1.229377523444284970e+00
1.184898220589793327e+00 -5.383427800629971216e+01
5.444999343872373032e+01 9.630881443784199414e-01
-1.206403830103795372e+00 5.382272397099054473e+01
-5.441860876330227370e+01 -1.222556581550745980e+00
1.135987337738502800e+00 -5.375079894535451075e+01
5.454872535942283207e+01 8.371913031467406174e-01
-1.200921546228822079e+00 5.382938784917546116e+01

image name: img_22.jpg
3264x2448 Resolution, Full Illumination (Centered), Exposure = 4, Z = 0.0
angle: 1.13897126753
sx,sy: 18.1375985278, 17.7063795758
MSE: 0.00706612245141
-5.440901687508990392e+01 -1.055698054585579859e+00
1.003289179622581129e+00 -5.314195038602925791e+01
5.440677743041819525e+01 1.023973836413190952e+00
-1.251982824460245114e+00 5.307480576862977983e+01
-5.439592056613540194e+01 -1.047227509476343688e+00
1.009481864081893887e+00 -5.313752198058398335e+01
5.442196144633890498e+01 1.024276676431888244e+00
-1.240206015150954411e+00 5.307928631934406383e+01
-5.437681288631865328e+01 -1.046128927534519359e+00
1.004458107976623937e+00 -5.313735744491754787e+01
5.440224236408763403e+01 1.022957706749357820e+00
-1.204291723768108335e+00 5.307580005403428203e+01
-5.436729622701260212e+01 -1.044399270424246184e+00
9.636882451333883548e-01 -5.314486427809097790e+01
5.440577158101911692e+01 1.021942380894107716e+00
-1.227542523010933584e+00 5.308018344532393229e+01
-5.437347213222339093e+01 -1.045990188609686067e+00
1.003240055419373888e+00 -5.314104407896432036e+01
5.441959676609187824e+01 1.021300333766689272e+00
-1.226421520304070478e+00 5.308460813042553639e+01
-5.438714248782107319e+01 -1.040145051396508480e+00
9.901224030890257710e-01 -5.313840438909984698e+01
5.438620257445781903e+01 1.023354140857597017e+00
-1.195977399602305091e+00 5.308236880870749985e+01
-5.437899873715728205e+01 -1.040107285208224264e+00
9.969274069282464401e-01 -5.314230497421593924e+01
5.441125740821305357e+01 1.021044367927129715e+00
-1.203964595764869916e+00 5.307933030801935104e+01
-5.439173870244967901e+01 -1.036878856120943215e+00
9.710345700592614149e-01 -5.314238391369973868e+01
5.443424515199767200e+01 1.023615231870297793e+00
-1.192348137241340478e+00 5.307381544939565288e+01
-5.439980674818811224e+01 -1.038840115419434662e+00
9.922236298547519873e-01 -5.313516359478484929e+01
5.442479439562434607e+01 1.024213305233988347e+00
-1.213942511145774450e+00 5.307961131274939248e+01
-5.439449393460157012e+01 -1.043015140857886491e+00
9.922510396778159159e-01 -5.314066216326645531e+01
5.443662983066687389e+01 1.023601837716313190e+00
-1.197194118557192599e+00 5.307812571725150974e+01

image name: img_22.jpg
3264x2448 Resolution, Full Illumination (Centered), Exposure = 4, Z = 0.0
angle: 1.1414641748
sx,sy: 18.1692931347, 17.9414589239
MSE: 0.0276457246231
-5.443853600758408362e+01 -1.238511117980873433e+00
9.938665185813171377e-01 -5.382300525101710065e+01
5.461858878193427103e+01 8.744187724349163915e-01
-1.202082640247036371e+00 5.380333698682416355e+01
-5.444756779162308646e+01 -1.249510225363535509e+00
9.674207420133630331e-01 -5.383383014729669469e+01
5.458698813439513486e+01 8.847466379795698721e-01
-1.195633278640046981e+00 5.380519287213684976e+01
-5.442903478862488953e+01 -1.251299046499526835e+00
9.523052705653789474e-01 -5.383875060107086341e+01
5.456449640209999785e+01 8.906490443031042092e-01
-1.218785599433618749e+00 5.379712193590281544e+01
-5.441442052358147663e+01 -1.247373118157399263e+00
9.686494855344620625e-01 -5.383498876261317179e+01
5.456355274669650868e+01 8.941725511551569250e-01
-1.213345038552747113e+00 5.379420657831227714e+01
-5.442665576264509042e+01 -1.245095722156943419e+00
9.545649481709523876e-01 -5.383861744110863157e+01
5.454716574263152751e+01 8.945257922240976711e-01
-1.216153636824041762e+00 5.379947601730795270e+01
-5.441266677296216869e+01 -1.227203806380463558e+00
9.447197892872154501e-01 -5.383700465701657123e+01
5.459160280279876076e+01 8.686200318104362328e-01
-1.264509361408265864e+00 5.378351201240698742e+01
-5.442524354251968077e+01 -1.257512572265163442e+00
9.767458696807352903e-01 -5.383231990025461045e+01
5.456613792042083588e+01 8.974694798018976183e-01
-1.214701425547419333e+00 5.379843945893096446e+01
-5.441565502635323526e+01 -1.243682856757336808e+00
9.617919157918383144e-01 -5.383437238211521247e+01
5.454851656561910289e+01 8.920647029398847128e-01
-1.222058799659954564e+00 5.379325106366751896e+01
-5.442036707928162542e+01 -1.249320505014763549e+00
9.576607064822582061e-01 -5.383099958721911094e+01
5.454391504639065857e+01 8.897270582011735929e-01
-1.235495310145077408e+00 5.378623110786216444e+01
-5.442510456395691421e+01 -1.248745216045910045e+00
9.561429475187449567e-01 -5.382526788542978835e+01
5.455110812299608369e+01 8.674222527043343733e-01
-1.233012747098736872e+00 5.378792099855979103e+01

image name: img_22.jpg
3264x2448 Resolution, Full Illumination (Centered), Exposure = 4, Z = 0.0
angle: 1.11941470565
sx,sy: 18.1501711479, 17.9387031712
MSE: 0.0278157783163
-5.434925328723924309e+01 -1.207180404308333843e+00
9.160513689913196700e-01 -5.383032211043600057e+01
5.448835443992386018e+01 8.518627252970318864e-01
-1.205157368202901313e+00 5.378255224297181769e+01
-5.438017983284778722e+01 -1.219606592415641622e+00
9.218095185402002123e-01 -5.383248345861264283e+01
5.448057015914709922e+01 8.627185839463505923e-01
-1.208417241115758767e+00 5.378075987298659300e+01
-5.438731503387413824e+01 -1.225471718580814162e+00
9.263181398342613670e-01 -5.382679735191512549e+01
5.448880245084681917e+01 8.607821160524425919e-01
-1.213150117764683955e+00 5.378246637021020149e+01
-5.439104920628322759e+01 -1.221096609175076786e+00
9.328434268243041005e-01 -5.383054618733936536e+01
5.448340800842217391e+01 8.642023472411954899e-01
-1.212451199943859192e+00 5.378448801567702020e+01
-5.437935496333440000e+01 -1.222678867802200031e+00
9.333836588478922058e-01 -5.382938232666462142e+01
5.449376898783327050e+01 8.678128418778946473e-01
-1.212636693081179384e+00 5.378308674950386603e+01
-5.439076180378918224e+01 -1.219751295447833339e+00
9.303320314374411426e-01 -5.383167313185015956e+01
5.449848490830098768e+01 8.597666419994186571e-01
-1.215813577164815529e+00 5.378352456883542487e+01
-5.438772538223349784e+01 -1.224495708763857049e+00
9.440412462392860915e-01 -5.382343150638220663e+01
5.450485796179484055e+01 8.653052784730581592e-01
-1.218774077599680927e+00 5.378101387390990595e+01
-5.439913395918622285e+01 -1.221092364494247740e+00
9.194383037973272721e-01 -5.383885840210759000e+01
5.452018011693301958e+01 8.754174115315026539e-01
-1.222803867387910026e+00 5.378024953983695156e+01
-5.438963644543983378e+01 -1.221985959591239457e+00
9.404641904277862841e-01 -5.382846777743579025e+01
5.449703436900575326e+01 8.703261446035670534e-01
-1.215817749004567183e+00 5.377959454358580871e+01
-5.438857264345725184e+01 -1.223423246195073588e+00
9.414755708004226564e-01 -5.383009217970243299e+01
5.449830988616746197e+01 8.706794050158250808e-01
-1.215596344395935891e+00 5.378266148373791822e+01

image name: img_22.jpg
3264x2448 Resolution, Full Illumination (Centered), Exposure = 4, Z = 0.0
angle: 1.25355847813
sx,sy: 18.1663336402, 17.934782503
MSE: 0.0157511862145
-5.452110555311248419e+01 -1.280679777576948952e+00
1.131805967357995657e+00 -5.383631799285195996e+01
5.451289903995952102e+01 1.009535803545277055e+00
-1.342902864234063465e+00 5.377994591822726989e+01
-5.444821781131332017e+01 -1.258115751953500894e+00
1.145938873570760297e+00 -5.380989877262481258e+01
5.452262539525607110e+01 9.848085302347542314e-01
-1.356369860001783501e+00 5.377659673365808146e+01
-5.444015413132244419e+01 -1.253122975495432723e+00
1.136280147228507120e+00 -5.381409906050684100e+01
5.452804810159123150e+01 9.835217080756100128e-01
-1.354822209085780660e+00 5.377868606152198083e+01
-5.445483728028442272e+01 -1.263169736692071998e+00
1.129129233444107872e+00 -5.381370832643988678e+01
5.452333353836874608e+01 9.841212558856491377e-01
-1.349420894786789393e+00 5.378050426577937060e+01
-5.443874989826508681e+01 -1.255243278784841543e+00
1.142704300459185474e+00 -5.380980435429120945e+01
5.451325806445252198e+01 9.845658401993068187e-01
-1.351432642257164751e+00 5.377938888739654999e+01
-5.444361336374685578e+01 -1.256731469152212455e+00
1.139717906253507662e+00 -5.381108770278566311e+01
5.451155213520533493e+01 9.816209506413623442e-01
-1.353908275082463586e+00 5.377954804730134697e+01
-5.443705432065532079e+01 -1.255526536858250886e+00
1.129696602563720287e+00 -5.381301334359536526e+01
5.451488885973910925e+01 9.833827843599032281e-01
-1.350359262738184185e+00 5.377856052495987882e+01
-5.443859583236572774e+01 -1.255447986190914689e+00
1.139079354684180201e+00 -5.380945221099644016e+01
5.450215746416274953e+01 9.805745611723195587e-01
-1.352598762870335758e+00 5.377806595616250718e+01
-5.443808866303301386e+01 -1.256795074651471777e+00
1.145882720220642526e+00 -5.382803616297075422e+01
5.448998690657829513e+01 1.008377560074863899e+00
-1.358891696364179502e+00 5.377487736205557667e+01
-5.443955938821750351e+01 -1.257264883654119814e+00
1.150786438418269331e+00 -5.380568067629275220e+01
5.449429624612385936e+01 9.818862020813750036e-01
-1.350778018828874938e+00 5.377827090859114634e+01

image name: img_22.jpg
1600x1200 Resolution, Full Illumination (Centered), Exposure = 6, Z = -10.0 mm
angle: 1.26553058927
sx,sy: 18.171342564, 17.9432828582
MSE: 0.0114769465748
-5.444527724585294237e+01 -1.268876549526978925e+00
1.152905325883251120e+00 -5.383012855675639230e+01
5.455061525492298813e+01 1.016936155785086893e+00
-1.329906853366352948e+00 5.380239735950343771e+01
-5.447901037570505167e+01 -1.269605153544016929e+00
1.165659110562097922e+00 -5.382996911315883892e+01
5.454334704558831959e+01 1.016112338804499693e+00
-1.324659180498575228e+00 5.380512697417283619e+01
-5.447354149124431189e+01 -1.265710358772424327e+00
1.160063497820406297e+00 -5.384103143086338861e+01
5.452277698753376711e+01 1.037353703117869008e+00
-1.326020869415890813e+00 5.380377914899794689e+01
-5.447417074332985720e+01 -1.266654370428301535e+00
1.158149937004227192e+00 -5.383076691470255781e+01
5.453263292472557566e+01 1.016369681450108864e+00
-1.320956186830746226e+00 5.380608497278538493e+01
-5.447353507438651121e+01 -1.266260401539309299e+00
1.163285929391982387e+00 -5.383031840015009095e+01
5.453451123397851319e+01 1.013479093180533974e+00
-1.331613443939852592e+00 5.380385559610519408e+01
-5.448199757060624648e+01 -1.273973362582796476e+00
1.161543674823885430e+00 -5.386704572433532690e+01
5.451329027011262696e+01 1.035071263872561431e+00
-1.322894758847354524e+00 5.380611185819815745e+01
-5.446972329529209844e+01 -1.273248477045072935e+00
1.161494013225698119e+00 -5.383472802616625330e+01
5.450575302976056946e+01 1.034179943008016966e+00
-1.328341229132196766e+00 5.380331280535986593e+01
-5.447293391797033024e+01 -1.271947224391666520e+00
1.156370686220069111e+00 -5.383385809790421916e+01
5.450682958642800457e+01 1.035627576409382744e+00
-1.332117615475248540e+00 5.380046563378542857e+01
-5.447825894626775778e+01 -1.271471399656539436e+00
1.158844367546628451e+00 -5.383469450874877538e+01
5.451355476848765136e+01 1.035755911446451627e+00
-1.333396603177720241e+00 5.380016544260994493e+01
-5.447411774110903337e+01 -1.271874760666165560e+00
1.163295772590992261e+00 -5.383409714529605594e+01
5.450359286427724470e+01 1.034396752907262851e+00
-1.330973000242026139e+00 5.380156814767789797e+01

image name: img_1.jpg
1600x1200 Resolution, Exposure = 6, Z = -10.0 mm, chips = 1 
angle: 14.6698224442
sx,sy: 15.9827851779, 14.2939871083
MSE: 317.081764711
-4.504636485497082532e+01 2.007607808498377278e-01
3.333451463121620861e+01 -4.079467379431908824e+01
4.694941720588283829e+01 2.330764122987145015e+01
1.003342302013185083e+01 4.226807610554627814e+01
-4.505978562933839981e+01 7.359652586853853151e-01
3.341677502268800737e+01 -4.079375639893680727e+01
4.694732055719296682e+01 2.394755797962368504e+01
1.017004551518045474e+01 4.227329142852554611e+01
-4.600649215783674606e+01 -1.093290754649342000e-01
3.463556583409724965e+01 -4.078648271254006374e+01
4.694828056781360459e+01 2.330649502599052170e+01
1.021321069699155260e+01 4.227370552600464038e+01
-4.601521411889012825e+01 2.547877499827413406e-01
3.343552551188508914e+01 -4.079285204353040228e+01
4.694991821033243440e+01 2.309550817371043507e+01
1.025822080487874288e+01 4.227281044784334796e+01
-4.601417770750608582e+01 6.520824481801135164e-02
3.405077004313367439e+01 -4.078956163053193507e+01
4.695050536959673337e+01 2.298955980330837079e+01
1.009214528343687611e+01 4.227058615356502003e+01
-4.507024671910311042e+01 1.127368802728091257e+00
3.294458608664024268e+01 -4.079706360910105900e+01
4.694778225152649753e+01 2.379389318142463594e+01
1.012775151734260071e+01 4.226997600599270299e+01
-4.601209262144293177e+01 1.433085926812025512e-01
3.917056861716984173e+01 -3.976941083724690884e+01
4.695136307430977496e+01 2.236496344235461109e+01
1.056075151415404711e+01 4.227924504522168547e+01
-4.601428898279365143e+01 1.580559858393273398e-01
3.378331903161246430e+01 -4.079015990237812872e+01
4.797260228354817002e+01 1.037711799343077246e+01
1.036085594467350468e+01 4.227462623425127219e+01
-4.601446115738090725e+01 1.613886286328056752e-01
3.474187956832553681e+01 -4.078431480923475050e+01
4.694767623314195504e+01 2.402247073510441311e+01
1.017304037078934442e+01 4.226994644583577809e+01
-4.601860269617520061e+01 2.457474297964521437e-01
3.511239196798808848e+01 -4.078229501314423544e+01
4.694919313904119207e+01 2.328261412548814135e+01
1.008827005479835037e+01 4.226865341905040196e+01

image name: img_1.jpg
1600x1200 Resolution, Exposure = 6, Z = -10.0 mm, chips = 1 
angle: 15.271499062
sx,sy: 16.0802204043, 14.2787920011
MSE: 339.183036612
-4.599343469772010451e+01 -5.572822078210500907e-01
4.047882533092289492e+01 -3.976106370470315454e+01
4.694688475999965505e+01 2.417111670947930335e+01
1.045816699321076371e+01 4.227827044332341444e+01
-4.506246711254041060e+01 8.754285402577171027e-01
4.071171116550431179e+01 -3.975960367270797491e+01
4.694917732670038646e+01 2.316581937328125917e+01
1.006663962737346552e+01 4.226853974132723835e+01
-4.601226659239216588e+01 6.731864817259447520e-02
4.037131728238284012e+01 -3.976131446784788892e+01
4.694631489687648696e+01 2.446300460909104402e+01
1.008957254943872250e+01 4.226899879401484128e+01
-4.601586352186861006e+01 1.195606445511456783e-01
3.335970730035247556e+01 -4.079407357282048707e+01
4.695140849510219283e+01 2.246727649912526559e+01
1.045323685477170450e+01 4.227699643241366800e+01
-4.601139868503700114e+01 2.733861204871979034e-02
3.479520679288980034e+01 -4.078570989445329076e+01
4.694833253735200884e+01 2.323828228434882348e+01
1.022174546350153435e+01 4.227246221210284460e+01
-4.601437304354336533e+01 1.650852098668071921e-01
3.403045226180078231e+01 -4.078867728114364866e+01
4.694842991808474153e+01 2.326986524066717621e+01
1.006286678889873620e+01 4.226670710582060764e+01
-4.602102648608153856e+01 3.211766400321822701e-01
3.291609541667678229e+01 -4.079597906351664705e+01
4.797210842508616224e+01 1.061520476134100832e+01
1.042686834134912566e+01 4.227475286901373863e+01
-4.601469232384736330e+01 2.116109582658927124e-01
3.457680991805801085e+01 -4.078577642929027292e+01
4.694581145600435690e+01 2.429892160077791985e+01
1.015841580760151253e+01 4.227198723076743647e+01
-4.601803523520221972e+01 2.720256562379097520e-01
3.564148533679026087e+01 -4.077869457402142928e+01
4.694753164442433047e+01 2.408459839343295528e+01
1.052237256600649928e+01 4.227760356647949180e+01
-4.601761540853588173e+01 2.310675329194020744e-01
3.367162798259442269e+01 -4.079015157789540069e+01
4.694638351428310585e+01 2.418369185304771918e+01
1.053635551242896717e+01 4.227859733282612353e+01

