3.988153450272921736e-03
3.833358939226229594e-03
4.696882116297007928e-03
6.134903782370499693e-03
8.118755285539744695e-03
1.026910375044956178e-02
1.310967966953313808e-02
1.589143085856660823e-02
1.966486917471859872e-02
2.395457123352020060e-02
2.779354380697621196e-02
3.172188231361810357e-02
3.562404244482511584e-02
3.812472543586866575e-02
3.977788319858069355e-02
3.974419553432102098e-02
3.993456398085645787e-02
3.461688825069291625e-02
3.072837648593054055e-02
2.504634574179136902e-02
1.981524276159920411e-02
1.346903328568404765e-02
8.935709455980862456e-03
6.359876715464162292e-03
5.024525774787774908e-03
4.635502577340734794e-03
4.148131930830180510e-03
4.032273049922132681e-03
3.734313891349121204e-03
3.636769728010639819e-03
5.000869135010080173e-03
4.894591974924963028e-03
6.491450929459147839e-03
8.489700908210971037e-03
1.088030851281835201e-02
1.443735044659513224e-02
1.809859308988330875e-02
2.323108231619488290e-02
2.780275920290837741e-02
3.279986717621037606e-02
3.645947094791211762e-02
4.045701707355470189e-02
4.245804590337228651e-02
4.184862832913478770e-02
4.083580175798668527e-02
3.725713829011113865e-02
3.307997520200474384e-02
2.781711070851422898e-02
2.189466899926952384e-02
1.535753340322514558e-02
9.536201342106552514e-03
6.488963718442574899e-03
5.258293625196792595e-03
4.579347324051570405e-03
4.425788553649735377e-03
4.037223456967052246e-03
3.952721119653035929e-03
3.798037634412887442e-03
3.658196447321613188e-03
3.613475498727645660e-03
2.290434530296860723e-03
2.452136581184591498e-03
2.898257148546037019e-03
3.598603536409855468e-03
4.700996945517662250e-03
6.388983348232953746e-03
8.837727103418019023e-03
1.196874430081648101e-02
1.549735536683661229e-02
2.105362217013589596e-02
2.685054321584411097e-02
3.291087822434006493e-02
3.881642607398508305e-02
4.341470335346995363e-02
4.654085289571278927e-02
4.671017286821026182e-02
4.517509465443936972e-02
4.157744735919707141e-02
3.754300682659562211e-02
3.176549514210611630e-02
2.462541601400467309e-02
1.718005244284888378e-02
1.125619501769171797e-02
7.549120903609942389e-03
5.761574780749889428e-03
5.174676654252633422e-03
4.711430334272082195e-03
4.430631659161240327e-03
4.267993748333394691e-03
4.061534625039090254e-03
1.869959116512346677e-03
2.061058628143290581e-03
2.147348679735946661e-03
2.377778674561919006e-03
2.730278829859907400e-03
3.408640712929156789e-03
4.644167166415145813e-03
6.575053930223705330e-03
9.642159259995774015e-03
1.321579902112885591e-02
1.907419947382749462e-02
2.689222490464849777e-02
3.493495413438200969e-02
4.321886833629851737e-02
4.848058749725112776e-02
5.101736927526565740e-02
5.177086653418396661e-02
4.826387385325342505e-02
4.497498358930483719e-02
3.905208884031313027e-02
3.243968633848520050e-02
2.506948674081508829e-02
1.689154299466824258e-02
1.030978235699544880e-02
6.889535085346465589e-03
5.582042734908401228e-03
5.158067387682416238e-03
4.808805697522223338e-03
4.498493067359399418e-03
4.421537474970232973e-03
2.410264077923991981e-03
2.272611478146616387e-03
2.505737745199848078e-03
2.916007377405359542e-03
3.661298880649473814e-03
5.386341497220804679e-03
8.179096203574858642e-03
1.242080247154798110e-02
1.873298165698921575e-02
2.771441955205972141e-02
3.866115108850778220e-02
4.718722473071278872e-02
5.271348740692046592e-02
5.485311108281491072e-02
5.350844176082041742e-02
5.024581025351991526e-02
4.662721119576220680e-02
3.917598889038782783e-02
3.077684674279397223e-02
2.041212524613799512e-02
1.239080093720411856e-02
7.979918670761787167e-03
6.280963797024281293e-03
5.548792399330266210e-03
5.175976963046054896e-03
4.925449914893369543e-03
4.617730233000251483e-03
4.536668653464217410e-03
4.539207548489966951e-03
4.462272381473033483e-03
2.641226573665282368e-03
2.750327058782132700e-03
2.821624157652516916e-03
2.936494725233557233e-03
3.344711030062498276e-03
4.725901184960364966e-03
7.336919746118501957e-03
1.318222032857030955e-02
2.148944476465181053e-02
3.390816847952749652e-02
4.723779587658599732e-02
5.394270443480771865e-02
5.800269748471816034e-02
5.720570409587509564e-02
5.613259153253333245e-02
5.179980163271517835e-02
4.659005482156963057e-02
3.570849715498398275e-02
2.401890096815801137e-02
1.375026229750707374e-02
8.653844438110826209e-03
6.415852596809728040e-03
5.797386037828184888e-03
5.421275442419765458e-03
4.987740668336809562e-03
4.927194365141466734e-03
4.720672032846142882e-03
4.532839255301827734e-03
4.556561924380637778e-03
4.422410111506386472e-03
2.693217364766911474e-03
2.648812436455214806e-03
2.685879096226950844e-03
2.703521807162017308e-03
2.754682192643954225e-03
2.731169011952202120e-03
2.849596388490535995e-03
3.498743339097782311e-03
5.024038355181019780e-03
9.457987052638434575e-03
2.007257743839239300e-02
3.556725413900956728e-02
4.950109184487744285e-02
5.453264696974922249e-02
5.757869528071764276e-02
5.723154826687271851e-02
5.741701397595239120e-02
5.335600263983232561e-02
4.809548268119152870e-02
3.399857992124789147e-02
1.988003385582710197e-02
1.062079796039178473e-02
7.199294202396193734e-03
6.491527966868522286e-03
5.890397663604986407e-03
5.667323506172435715e-03
5.354681730607501605e-03
5.215319413090366112e-03
5.125897019707958274e-03
4.945589608866468763e-03
3.011668986757394442e-03
2.983678025454793679e-03
3.095277992397190044e-03
2.990149682756676822e-03
3.052238490915282470e-03
3.053671560808618284e-03
3.310233771462046688e-03
3.604289888741002770e-03
4.821685509904598613e-03
1.316949429695398258e-02
3.162297160512218125e-02
4.714473421030367789e-02
5.434411486274097480e-02
5.744903417233755694e-02
5.717479750682714912e-02
5.764610446067561927e-02
5.715513335458752980e-02
5.354041680334247627e-02
3.928754436344163853e-02
2.152728714078223915e-02
1.082449150602663238e-02
7.215534426564296916e-03
6.456520885772707233e-03
5.941414959496887221e-03
5.611375404651697610e-03
5.278576437770874340e-03
5.283653079201247257e-03
5.142587908861548200e-03
4.944516089134913354e-03
4.919542757867868994e-03
3.066983511068973722e-03
2.980646077368854369e-03
2.957427174360382355e-03
2.966113320412013584e-03
3.026782577490451723e-03
3.215362353054037649e-03
3.314031905530214015e-03
3.796214483880620480e-03
1.022130668090838468e-02
3.385504526526385977e-02
5.139977119956162105e-02
5.705686797899444523e-02
5.798599890913523625e-02
5.919522898415061768e-02
5.944346752986654631e-02
5.997072296866557545e-02
5.753866009591001446e-02
3.967430465484927254e-02
1.818240876502384695e-02
9.291600448015215757e-03
7.075389285974936944e-03
6.492627607881053600e-03
5.860129198938211770e-03
5.692846597305028893e-03
5.462150789697262261e-03
5.250758748398113782e-03
5.191520688870365947e-03
5.089774448692707155e-03
4.919500338283246295e-03
4.891576172189574141e-03
3.067454658207682643e-03
2.999700402131042550e-03
2.955624992030068780e-03
2.938219840067342239e-03
3.009346366434624814e-03
3.054716803423169862e-03
3.192673585754010005e-03
3.383703761223641037e-03
3.697378382661043340e-03
5.574379696576359060e-03
2.876653605094460497e-02
5.034264865265954819e-02
5.624646823322686923e-02
5.880133259371451981e-02
5.894821196203307162e-02
5.885535537172048581e-02
5.972339649218941920e-02
5.842149206179127890e-02
4.862176801414974658e-02
2.357576013482361524e-02
9.993956410781707281e-03
7.050656554939104849e-03
6.609336341540491579e-03
5.994467253286652787e-03
5.806253460178829005e-03
5.508877069659066407e-03
5.529113564116092810e-03
5.267426823563469557e-03
5.352194442167913617e-03
5.109230893948903812e-03
3.098631007382047792e-03
3.102702269326898608e-03
3.094529640650023859e-03
3.196143655596867406e-03
3.259605304314227518e-03
3.469342915665542346e-03
4.084754811145650116e-03
6.631888098220072546e-03
2.755284759212247095e-02
5.206623746897015570e-02
5.773425586070516508e-02
5.947883124253360021e-02
6.041617034594488900e-02
5.963234514199901998e-02
6.044535578444757556e-02
5.852293979703733495e-02
5.022557027760946036e-02
2.088688898767492377e-02
9.324566745746465726e-03
7.178157128880695292e-03
6.422130417942926647e-03
5.999872356410822574e-03
5.784133140543322102e-03
5.522868950607429800e-03
5.454964378123335240e-03
5.295078767269187359e-03
5.321161840007127691e-03
5.075632546690586958e-03
4.976900926005823483e-03
4.968685066006119436e-03
2.991499262861314207e-03
3.099925823056618422e-03
3.013819616438536547e-03
3.076502303591491846e-03
3.084159350529259644e-03
3.180074859599232254e-03
3.245500534844277061e-03
3.388290835679542892e-03
4.280500478676364622e-03
6.903979798219161100e-03
1.789561626927954965e-02
4.216368778380338855e-02
5.558032543438028161e-02
5.872592521205336619e-02
5.965859359321584038e-02
6.101526108392648501e-02
5.978111756574625707e-02
5.958777716039748845e-02
5.072150713780419762e-02
2.718184783428943471e-02
1.080916118682194449e-02
7.205418241682517641e-03
6.476341592482554380e-03
6.018985844024333197e-03
5.896164423906061908e-03
5.517308604669370412e-03
5.561881107183392660e-03
5.337973397474897810e-03
5.277977147025255354e-03
5.158049696883271196e-03
3.180136666060209231e-03
3.304766004611295067e-03
3.320828037602609455e-03
3.300469921359512008e-03
3.384689745297929462e-03
3.727393029257477803e-03
4.528463016391121899e-03
8.954545210976360900e-03
2.381771350802774218e-02
4.290556579563518241e-02
5.442100323380427013e-02
5.842340871118682083e-02
6.041519612747065643e-02
5.977293778545698932e-02
5.983688772771084824e-02
5.904384460462914347e-02
5.234184071554821155e-02
3.428109687722270815e-02
1.544016950301190481e-02
8.253038969067753861e-03
6.730900588107238854e-03
6.386823029521500501e-03
6.014237429351075061e-03
5.921060855479375398e-03
5.769075746799071612e-03
5.625628184899767077e-03
5.395523889116795105e-03
5.406451480167972709e-03
5.349633559077085314e-03
5.290293267814694632e-03
3.326274836097462689e-03
3.251917129623808651e-03
3.294551926017648142e-03
3.379889255978458119e-03
3.433126826202535960e-03
3.933436755592841991e-03
5.462999176810453932e-03
1.091699923025029294e-02
2.478495106364226111e-02
4.062273895982446148e-02
5.268563071623945382e-02
5.875925907497136363e-02
5.962414518090130428e-02
6.059987631610352227e-02
5.967192677286883851e-02
5.747052772537951382e-02
4.919167651650543233e-02
3.333266989759858800e-02
1.740591313668927650e-02
8.819900364467746223e-03
6.831280129128104381e-03
6.283640270429767180e-03
6.030063508264794404e-03
5.812503728783507614e-03
5.643048125903442520e-03
5.440432143720449858e-03
5.481360542806189111e-03
5.392022540369233521e-03
5.284058302732346467e-03
5.231136387650054363e-03
3.150705447188234098e-03
3.313689322618215433e-03
3.315666822325042361e-03
3.418150584932763258e-03
3.519111924925600200e-03
3.945384303853210518e-03
5.967900861810057286e-03
1.174047096522285415e-02
2.409052664800886631e-02
4.040378676986988715e-02
5.225706365555283367e-02
5.848372592142912080e-02
5.943528921065534265e-02
6.041694153038766613e-02
5.900455592329564847e-02
5.657564654925695963e-02
4.750642150504804512e-02
3.382885275348199161e-02
1.910794898328701391e-02
9.767012068400623970e-03
7.195297334987403072e-03
6.411144975431620589e-03
6.137112029838085250e-03
5.995354414436670359e-03
5.617458788816150940e-03
5.577193179423958584e-03
5.509732398292559348e-03
5.287095382900228353e-03
5.323462876589483452e-03
5.190218117448539524e-03
3.376009052365188268e-03
3.350835026175243321e-03
3.303926554768115992e-03
3.467928436024469464e-03
3.689774128699069029e-03
4.812331940666757582e-03
8.470394740720574300e-03
1.843581344610808331e-02
3.969803727789702336e-02
6.095552738713969770e-02
7.480194483170397868e-02
8.003640518914155455e-02
6.003835045625387917e-02
5.941919321271770665e-02
7.728083782150081682e-02
7.098540122220751980e-02
5.651047896327212466e-02
3.587606025810197163e-02
1.920769577514398752e-02
5.551497063629391542e-03
7.084545880609036464e-03
6.286464806200949169e-03
5.710710633277830267e-03
5.691107569319116960e-03
5.723506413375677171e-03
3.295099928591657679e-03
5.489794638817104347e-03
3.225548923912916616e-03
5.195364304855501145e-03
3.198152618804986531e-03
2.918136957975075562e-03
2.968671246634619395e-03
3.047052077326761928e-03
3.217300238716378890e-03
3.466791763712428684e-03
4.493986406557360855e-03
6.680947988857654195e-03
1.118041897669141797e-02
2.050216436752724455e-02
3.408963132842342952e-02
4.546886793144114952e-02
5.241931579354505710e-02
5.580300032203675681e-02
5.547067452919270114e-02
5.550899996833994626e-02
5.210197865640263382e-02
4.651609374211979758e-02
3.638841342661227468e-02
2.302320936079475452e-02
1.416533697797622143e-02
8.908566557510483666e-03
6.890511768804533262e-03
6.379631829930895032e-03
5.920844119212140787e-03
5.576708831306440017e-03
5.363639365750563423e-03
5.234017908542958411e-03
5.109431994611586883e-03
5.005610812944742520e-03
4.933893288002024965e-03
1.036802853437091554e-01
1.035110923899588281e-01
1.036339414000213704e-01
1.038096356011096177e-01
1.040876266826512575e-01
1.050668310111857462e-01
1.070253406608862867e-01
1.099623247483181576e-01
1.117700627730198737e-01
1.122655177180693631e-01
1.118972557748342533e-01
1.113674009828841543e-01
1.116954191567406107e-01
1.139392650605654950e-01
1.168767867449209408e-01
1.194667158714076971e-01
1.205842037911746267e-01
1.200319598243704544e-01
1.177105047915847913e-01
1.134901125466597216e-01
1.091348286740070478e-01
1.065685571116140179e-01
1.052690442997155640e-01
1.049062903515938228e-01
1.049764271987838338e-01
1.043875080167852437e-01
1.051124209982686047e-01
1.051361759484273628e-01
1.050481894879776029e-01
1.048652808400291347e-01
1.331953663436836743e-01
1.330933651363494508e-01
1.332031961360176098e-01
1.332083743161813494e-01
1.330628008738961587e-01
1.332428995108372316e-01
1.333431903601740853e-01
1.333262462046822527e-01
1.337083468750386583e-01
1.345015491426967691e-01
1.396455541024203273e-01
1.507241050637408708e-01
1.586040198583515415e-01
1.608775101322158230e-01
1.623202604857374998e-01
1.623254749370590111e-01
1.631033524320598949e-01
1.628032030152542498e-01
1.624552131779906650e-01
1.566742449547524341e-01
1.463746747685089333e-01
1.390707886637585489e-01
1.360063428042393996e-01
1.354378238926132461e-01
1.350979627138173544e-01
1.348342662144469406e-01
1.345624645934150598e-01
1.346323854487103677e-01
1.345758785294930149e-01
1.346173455835539268e-01
1.335467998595527284e-01
1.335345348845684010e-01
1.335088554346412770e-01
1.334155100644473790e-01
1.334972861905761587e-01
1.335941332940241977e-01
1.335109919454181837e-01
1.336863101072513493e-01
1.338223511340521643e-01
1.338624499350590524e-01
1.346254993005958633e-01
1.383577925835489664e-01
1.485238902727153698e-01
1.575059047256020806e-01
1.620578759431159366e-01
1.632419515864867443e-01
1.642897045006125045e-01
1.641058828100614708e-01
1.643230844968888993e-01
1.628816396158960234e-01
1.550868546772986023e-01
1.445068980368001410e-01
1.383196890504000687e-01
1.365072532990058429e-01
1.357179221580835926e-01
1.354469920598454780e-01
1.351479992142096409e-01
1.350299828354204756e-01
1.349317050087650016e-01
1.347596695974886127e-01
4.417920428786851206e-01
4.422443625341321849e-01
4.450548742876465624e-01
4.510121416304971875e-01
4.590936065825798607e-01
4.656706781285830377e-01
4.687887157027266771e-01
4.693745463318072519e-01
4.660066980083186761e-01
4.581846314879320925e-01
4.507838933238695334e-01
4.458694788797081254e-01
4.440326321274318255e-01
4.434050278423947167e-01
4.431510409251466776e-01
4.429567256288198807e-01
4.426952985287786468e-01
4.425576296119529962e-01
4.425060784976270756e-01
4.423413067065580795e-01
4.423098084419779807e-01
4.421712974469679258e-01
4.421651391406143383e-01
4.420916363283658446e-01
4.419726039157850228e-01
4.418094718827752510e-01
4.417553462992071522e-01
4.415800202825004295e-01
4.416292429572484246e-01
4.416237983184718718e-01
-2.330396171343630460e-03
-2.428925493994638779e-03
-2.359255034800278317e-03
-2.348580565584104576e-03
-2.272694121301841851e-03
-2.281697329408073800e-03
-2.066758060401874611e-03
-1.182756721179336170e-03
1.057134983014778673e-03
3.953834542340047692e-03
9.082771298870469939e-03
1.434048231894295700e-02
1.740319783974161177e-02
1.860487811454982279e-02
1.913386306955018948e-02
1.901310131572260184e-02
1.866452999063701254e-02
1.687782365984484556e-02
1.366799752152618973e-02
8.130588569987424671e-03
3.531965992284231536e-03
4.446491678912525814e-04
-5.979132911982553344e-04
-9.026190651948396652e-04
-1.167304534217287028e-03
-1.295202851623079420e-03
-1.488859598582482988e-03
-1.586813967505734885e-03
-1.715539295014925983e-03
-1.772720582797005081e-03
3.153824352827274725e-03
3.248721900466839101e-03
3.251632520739756397e-03
3.241528441803093272e-03
3.314890963765073414e-03
3.330570773646588344e-03
3.481176301043535908e-03
3.801802681259712664e-03
5.092183050525903032e-03
8.076296849642759096e-03
1.373581491469870464e-02
2.312784852503438002e-02
3.529391673131648116e-02
4.562946066293498831e-02
5.157958894608850875e-02
5.487219627246567311e-02
5.502275526513475401e-02
5.363164721141357866e-02
5.040042917500940634e-02
4.558329052673161519e-02
3.406555562440369972e-02
2.098953801984791007e-02
1.264918805229403587e-02
8.485356706342718144e-03
7.063295670420465487e-03
6.466908884109796168e-03
6.058874769185772051e-03
5.711607867350984059e-03
5.452268863142107833e-03
5.307079314823148590e-03
3.083573951742492585e-03
2.978125700222167011e-03
2.969255572357146124e-03
3.023607181804511754e-03
3.119267558436244949e-03
3.190132828016282746e-03
3.484038675864349361e-03
4.146150932615006411e-03
6.280980388465993124e-03
1.016344659312338333e-02
1.695322820322116633e-02
2.802577277873401912e-02
4.035030729100697738e-02
4.900100123316158962e-02
5.326693218213652409e-02
5.446290381785800355e-02
5.527506185170011355e-02
5.302330217720405831e-02
4.925549127473326932e-02
4.151689416481117029e-02
2.973489061322990776e-02
1.826944943758211648e-02
1.040080015802490564e-02
7.291985164618098626e-03
6.098228285513285565e-03
5.387246834340648702e-03
4.970964939064933044e-03
4.835542452630241413e-03
4.788283145829401455e-03
4.773324291260925764e-03
-3.792386227414539478e-03
-3.735185205170207887e-03
-3.813928426916819454e-03
-3.796200154271099809e-03
-3.807152002512257608e-03
-3.648896540514349422e-03
-3.379206693821788267e-03
-2.722348224751511541e-03
-5.675174257291366441e-04
2.167016027792555925e-03
4.648942868797277701e-03
5.836923400512041005e-03
6.271991684105334211e-03
6.668265280328934154e-03
6.517354786577767706e-03
6.407535030429186741e-03
5.597806491096407773e-03
4.057488707244384304e-03
1.520697884793548432e-03
-1.496676026980613659e-03
-2.666927139142346442e-03
-3.024518645548758024e-03
-3.194250694075053548e-03
-3.275972537042085107e-03
-3.312563871793665609e-03
-3.374292250580294451e-03
-3.517373155165272412e-03
-3.513587860609491964e-03
-3.563512408088642322e-03
-3.524238998787129675e-03
-3.816304613452946391e-03
-3.720134835984667716e-03
-3.679167550409371407e-03
-3.706596856902225762e-03
-3.506988761342420043e-03
-2.951927145106352304e-03
-1.426671740525476892e-03
1.014982130656657796e-03
3.568392390876266342e-03
5.385109716427943782e-03
7.366380127037569329e-03
6.811297449887494457e-03
6.594303900102061605e-03
6.679257167672402948e-03
6.122098102759504328e-03
4.889711447204115463e-03
2.789076294730436379e-03
-1.617874376444244857e-04
-2.166339428476535267e-03
-2.845352490098357074e-03
-3.158398503593708162e-03
-3.251253012004753484e-03
-3.352672038540622200e-03
-3.391513313764671876e-03
-3.413611782385587295e-03
-3.500759645323229738e-03
-3.462648105356231146e-03
-3.395639582329913666e-03
-3.397718195082691413e-03
-3.412089761958721039e-03
-4.049478686991350544e-03
-3.998538168841485330e-03
-4.031039191590294127e-03
-4.060855019527496307e-03
-3.872605024602352591e-03
-3.506656644074130323e-03
-2.673751622651225103e-03
-4.627262255818214527e-04
2.091106633276581476e-03
4.418581214899244651e-03
5.494564261407102954e-03
6.271478930985140143e-03
6.468159498743780017e-03
6.468583872248344704e-03
5.906449022516919133e-03
5.401714554459686665e-03
3.883763972077691924e-03
1.508144735229639214e-03
-1.673577190416476951e-03
-2.974061937155562853e-03
-3.294822442761463979e-03
-3.438111419424044312e-03
-3.685920534737750255e-03
-3.770950663014869045e-03
-3.663668607118133243e-03
-3.764850463125677706e-03
-3.741080168730337788e-03
-3.754404223474676946e-03
-3.735971304381220572e-03
-3.741020603263882274e-03
2.003606390899340672e-01
2.025688435494217565e-01
2.046345925380062547e-01
2.051924981657217706e-01
2.056695158943789570e-01
2.057296829712272346e-01
2.051831989346815932e-01
2.037989518612452200e-01
1.940828602462535968e-01
1.876436543946976843e-01
1.870877729884397878e-01
1.926346669170082571e-01
1.982662652631367872e-01
1.900428652865323309e-01
1.779902644063504624e-01
1.662909989629320073e-01
1.605938220650409420e-01
1.587746673931569874e-01
1.581141998093723022e-01
1.575379593823746927e-01
1.571979714300060782e-01
1.567887554627031554e-01
1.563862877453262579e-01
1.562353155049581999e-01
1.561267466566269857e-01
1.560334738727017778e-01
1.559615626952945422e-01
1.556757190200961649e-01
1.555045177017766733e-01
1.553014411245167148e-01
1.551948985186354379e-01
-4.476923014969390151e-03
-4.597718401004578272e-03
-4.542453326349421561e-03
-4.589593909013420410e-03
-4.588747226490479808e-03
-4.601198719612521401e-03
-4.669178107577740509e-03
-4.776616917250563719e-03
-4.775289963026654351e-03
-4.813360448691035749e-03
-4.777818040289337487e-03
-4.853427032648740917e-03
-4.849912001996588284e-03
-4.818046970554610946e-03
-4.842044244529127191e-03
-4.815503861814976645e-03
-4.834711365904439777e-03
-4.791095297019328826e-03
-4.824828289482237416e-03
-4.878582628410625850e-03
-4.896229385561740727e-03
-4.897202064874477991e-03
-4.877338271707676483e-03
-4.847803937208051972e-03
-4.820809051573633069e-03
-4.822398895280520167e-03
-4.813386363361692524e-03
-4.853750260746883712e-03
-4.892257515853580020e-03
-4.822716387174637298e-03
-4.821850919356053013e-03
-4.744524061061051144e-03
-4.786785007944090696e-03
-4.755477402389323392e-03
-4.837635374895011588e-03
-4.767128909795486161e-03
-4.753266199028852342e-03
-4.815207535673137092e-03
-4.800567196291198949e-03
-4.787639609116326606e-03
-4.801878486079182856e-03
-4.842225120102599221e-03
-4.826732078519044809e-03
-4.793626377838264632e-03
-4.785626952360496310e-03
-4.757394173248198632e-03
-4.770744966636121347e-03
-4.608461186785198747e-03
-4.612087119040410299e-03
-4.584113436145382733e-03
-4.693272793752474407e-03
-4.728540502449512378e-03
-4.654162751911428836e-03
-4.552079100463024726e-03
-4.470570968779891477e-03
-4.553999049112914671e-03
-4.654776510342259130e-03
-4.758680702832667440e-03
-4.744931674985400014e-03
-4.803766152663672614e-03
-4.777709488306179988e-03
-4.806591897459356645e-03
6.173902050235387240e-03
6.218992047541238750e-03
6.261189750290917407e-03
6.302365143135861547e-03
6.497389968915873865e-03
6.435050386275075612e-03
6.432215018960924652e-03
6.464097685722277817e-03
6.628754189016021307e-03
7.008957005081067199e-03
8.045047791947651170e-03
8.762013182064267228e-03
2.077842207688357021e-02
5.224251019229456811e-02
7.024717980954038599e-02
7.525622880929709602e-02
7.616820064779124266e-02
7.727278587259706066e-02
7.808851811219565120e-02
7.724143079853448834e-02
7.731423469170069229e-02
5.831682311612786801e-02
3.055304731889753322e-02
1.660100880505022483e-02
1.273466221282501531e-02
1.138034795300548081e-02
1.024540361564897119e-02
9.735425750586272631e-03
9.363123115300613780e-03
9.011409351711378510e-03
8.839967345479255237e-03
1.214684531651496688e-02
1.329733147801637379e-02
1.666807292072124483e-02
2.404122345792567353e-02
3.526402943486803276e-02
4.802524948686611589e-02
5.638518907543899061e-02
5.998902069703911794e-02
5.822291066608895754e-02
5.522258330933277337e-02
4.830797644449174449e-02
3.515344083169485989e-02
2.470188201476818113e-02
1.837847604733403029e-02
1.593209993883454648e-02
1.496130004380359993e-02
1.492415630769679605e-02
1.423421046846486127e-02
1.383533225479314718e-02
1.362855175043221033e-02
1.367400326765569156e-02
1.347769694919073377e-02
1.350797592978763596e-02
1.374619274544947034e-02
1.324326808764761561e-02
1.337667933727825290e-02
1.326138245904553460e-02
1.319230455020681259e-02
1.313687602148507633e-02
1.315480385247823174e-02
1.316438399875460158e-02
3.667373368267020511e-02
3.670610370167547154e-02
3.671619446396270914e-02
3.681868132603564880e-02
3.693000095302875763e-02
3.688083230989794292e-02
3.697411146678214466e-02
3.719005910395241365e-02
3.832609147567393737e-02
4.114144322564596001e-02
4.788996873614991684e-02
5.730789771760225887e-02
6.344941671798591531e-02
6.595620198002351275e-02
6.658051743587459215e-02
6.681687664823449113e-02
6.660871643427494770e-02
6.523979219556388931e-02
6.178826886183298034e-02
5.385803181231019199e-02
4.508776424324389964e-02
4.070978994302396070e-02
3.925837712505927946e-02
3.881038523676233476e-02
3.847239666447171968e-02
3.813501871028370654e-02
3.806578286889011897e-02
3.792001154647490352e-02
3.777817084561613248e-02
3.764986596848581002e-02
3.752619824166471274e-02
3.678043723188941655e-02
3.667971021671360271e-02
3.671164165556462661e-02
3.680822385526210522e-02
3.693554029547167078e-02
3.687353387126746096e-02
3.702952797081915381e-02
3.720784707230737759e-02
3.787911285173885256e-02
3.973794066411208414e-02
4.493690415982781738e-02
5.345900946262650832e-02
6.133280254793899156e-02
6.521440122029620312e-02
6.669231030068728527e-02
6.757925495330413534e-02
6.716998142709107444e-02
6.655968490541282201e-02
6.379099985484781854e-02
5.733045382639662818e-02
4.971432901511295410e-02
4.254827707015538391e-02
3.964291738089145700e-02
3.877128748132037395e-02
3.830882207440781950e-02
3.809679886904719648e-02
3.798144646310708944e-02
3.795513955782372356e-02
3.788044210756322250e-02
3.799372058077151587e-02
3.811002376729367980e-02
3.696007252034520102e-02
3.713382682397319001e-02
3.723960192001142533e-02
3.782492926818763201e-02
3.962194968450188926e-02
4.446005816714337228e-02
5.345844016791764103e-02
6.123946962388853582e-02
6.523614398991098295e-02
6.657594252392499967e-02
6.768146817307382768e-02
6.705173383727870695e-02
6.643801494885047398e-02
6.382951441047901575e-02
5.739334682904233265e-02
4.921393959912294391e-02
4.219662239315717656e-02
3.959845495937595883e-02
3.874554343769254228e-02
3.831176678274486602e-02
3.807719489537143842e-02
